10000
1 639903310
1 62613998
1 737374557
1 92972582
1 411953121
1 460485441
2
1 117402864
1 715783343
2
3
1 889326246
3
1 393381351
2
3
1 155850266
1 830782152
2
1 626247628
1 981589470
3
1 192639492
3
3
2
1 961303589
1 843789578
1 459480909
1 338594520
1 565074540
1 295645686
1 780125690
2
1 755733052
1 264118553
1 786366084
1 444376693
1 389884016
1 892819459
1 965705068
1 83826263
1 478281412
1 857415687
1 924819433
1 827324396
1 165076140
1 872554849
1 40153985
1 555393666
1 200450493
1 850496622
3
1 774576505
2
1 840373164
1 861178283
1 169257651
1 715959939
1 914381388
2
1 667088920
3
1 485712166
3
1 787395083
2
1 765497764
3
1 569345832
3
2
1 703034571
1 919070150
1 453129995
1 379139616
1 980970757
2
1 520702864
3
3
2
1 52542900
1 439535713
3
1 609788579
1 930697205
3
2
1 196226150
1 825894109
2
1 339557077
1 635944185
1 538943353
1 10893533
3
1 304506210
1 14397601
2
1 881029681
1 621446194
1 855781842
3
2
3
1 486557332
1 51376571
2
1 221034082
2
1 970601395
1 256932518
2
3
2
3
2
1 585082246
1 801536435
3
1 247670971
1 587811165
2
1 369603416
1 518590159
3
2
3
3
1 111236217
3
3
1 383715342
3
2
1 850857101
2
2
1 314307091
1 911875295
1 272633390
3
1 547269267
1 618253794
1 25683000
1 593814000
1 665170465
2
1 483099296
3
1 244611540
1 229413554
3
1 346912547
3
1 425213151
3
3
1 242185494
3
1 67906422
1 893588164
1 201235197
3
3
1 688054564
1 269668029
3
2
2
1 995094599
1 921906695
1 885085453
1 814452351
3
2
1 686201196
1 524941375
1 753441554
3
1 520795051
1 813285017
1 367510350
2
1 732769930
1 44515538
1 464231922
1 791794398
3
3
3
1 956504970
1 679713451
1 52327873
1 779602114
1 48602969
1 685197081
1 581641421
1 110633710
1 447094574
1 41304881
1 346883163
3
2
2
1 462321580
2
1 786977339
1 619921054
1 293096202
1 9581218
1 938335581
2
3
1 663551218
1 595717869
2
3
3
1 579509805
3
2
2
1 964299469
1 935502484
3
3
1 899857520
1 406085274
1 506730096
1 556114296
1 733719386
3
2
1 776376042
2
3
1 586582538
1 801933204
1 362300698
1 911412500
1 258998313
1 749090049
1 776681273
1 3352432
3
1 368860537
3
2
3
3
1 43309183
1 451876292
3
3
1 530439013
1 501955625
1 669842482
1 895807522
2
1 419327653
3
1 963411039
1 549708943
1 350190736
1 381138852
3
1 604623834
1 172964171
1 70492580
3
1 906659596
2
1 380230822
3
1 638740218
1 968894821
1 269314123
1 855450673
2
1 343932645
3
2
1 416396674
1 990159412
1 208061477
1 582757115
3
1 760984601
2
1 94437705
1 374777357
2
1 980516351
3
1 605309017
2
1 964063699
1 319442230
1 388149223
1 285682533
1 968255042
1 637938539
1 174676358
1 844089460
1 28785910
1 513541227
3
1 295978053
1 487603048
2
2
1 855924199
2
1 773300677
3
1 63835024
1 161919829
1 702925926
1 823076851
2
1 605696520
1 785708137
1 230782094
2
3
1 289617584
1 801911091
1 292821099
1 941570520
1 878157057
1 822373845
1 779751731
3
1 95344558
1 719790755
2
1 521591427
1 345481494
2
1 709098543
2
1 750827031
1 958962576
1 47083014
1 801668546
2
1 898933561
1 89343195
1 455133221
1 972085945
1 946999923
1 834614233
1 424930736
1 921337259
1 865839167
1 475201938
3
3
1 688328993
2
3
1 688990814
1 831576361
3
1 623685507
2
1 349969846
3
1 544902996
1 546231848
1 626232
1 668939872
1 807304437
1 376868025
1 352062475
1 982576156
1 554520155
1 560461299
3
1 135927449
1 680972177
3
2
1 385919830
1 293098837
1 341070272
1 543693885
2
3
3
1 17535632
1 507626658
3
1 574703895
1 587814233
3
1 999558959
3
1 566687913
2
1 450779063
1 728936744
2
1 360442769
1 127427545
2
3
1 765797004
1 103865056
1 404330474
1 54381715
2
1 97229576
2
1 365259036
3
2
3
1 831375111
3
1 109830470
1 475900590
1 930721672
1 102108351
2
1 17854879
1 27422581
2
3
3
2
1 582655511
1 523603242
1 423576713
1 379718886
1 331564331
1 702914011
1 386158742
1 507572667
3
3
1 339611420
1 963591742
1 459767734
1 187252857
1 212139171
1 512398845
1 836484766
1 226135981
3
1 854949669
1 966360403
1 176512257
1 27324294
1 87992272
3
2
1 880599656
1 324704008
1 934956625
1 291806325
1 606519814
1 515716362
3
1 736282109
2
1 153598193
1 918272429
1 27293719
1 9309805
2
1 19559900
1 579677879
1 898296159
2
1 103920821
2
1 728491616
1 201607136
1 470660972
1 424385821
2
1 227902053
2
1 737252434
1 595769376
1 94558660
1 761799152
1 161666987
1 91485589
3
3
2
1 568039425
1 669471999
1 299466654
3
1 391728498
2
1 769335869
2
2
2
2
1 628745440
1 213181965
3
3
1 996229742
3
2
2
1 763875255
1 664900803
1 384061920
1 830932787
1 79386082
2
3
1 912450650
1 754320643
2
1 786593988
2
2
1 765700760
1 308936782
1 41486432
3
1 859297416
1 413516065
3
3
1 441479244
1 880072598
1 699956569
1 141277646
1 278821166
1 224067512
1 968432082
1 962154567
1 617728687
1 960950252
1 286710480
1 981294300
3
1 81714058
1 421410293
1 291262656
1 229095085
1 390942388
2
1 136264207
1 104238379
1 489970394
1 823487661
1 920295289
2
1 29523423
2
1 414444931
3
1 330114265
3
1 183133046
1 859563321
2
1 229566636
1 782142942
3
1 327441292
1 765189238
1 402834204
2
1 4579786
1 592869218
3
2
2
3
1 963301489
1 354343074
1 603168609
1 985205259
3
2
1 618968203
1 916369325
1 878673493
2
1 991117324
1 774721965
1 516094142
1 383281680
3
1 40249533
1 234800576
2
1 823361159
1 220185420
2
1 814988183
1 633354541
1 998557204
1 166758395
3
1 758772218
1 943169383
1 529591739
1 976043219
3
1 408341708
1 809704102
1 152525898
2
1 887070786
1 935642930
3
1 571827366
1 289397147
1 666172366
3
1 590770977
1 923895911
1 658686009
1 759914509
2
1 371911733
2
1 925957529
1 880046742
1 284390620
1 310523144
1 623235522
1 976462874
1 926568461
1 755458854
1 549067073
2
1 862852731
1 648802245
1 868336240
1 50382503
1 639556972
2
1 576612721
1 915675921
1 763724136
1 86807199
3
2
1 284403484
1 959606365
2
1 723315222
1 3912072
2
1 642075570
3
1 708333662
2
1 712509621
3
3
1 929860890
1 932879657
1 668363964
1 167555949
2
3
1 521167393
1 442121072
2
2
1 623158982
1 106289116
1 170718814
2
1 514155815
1 750376859
1 273678672
1 906762294
1 543095122
1 467924243
1 293873347
1 238338841
1 570781163
2
2
3
1 859446751
1 939373432
3
1 999840754
2
1 590928304
3
3
1 421097814
2
2
2
1 967991544
1 221828411
1 189003976
1 600689453
2
2
1 32662559
1 369065325
1 401504218
3
2
1 310997851
1 3631257
1 864702735
1 535879110
3
3
2
1 701544793
3
1 485155298
2
1 387645337
3
3
2
3
1 321076214
1 849193545
1 841049594
1 802673034
1 176871300
3
1 288316219
1 134873729
1 283103746
1 553918361
1 260962915
1 173948847
1 503006994
2
1 831547147
1 863075750
1 545304028
1 646607372
1 907408123
1 613618675
1 914225927
1 469189492
1 271424546
1 567330378
1 324101171
3
1 742972748
2
1 350570642
2
1 50594986
1 546914892
2
1 604959438
1 784448866
2
1 49293122
1 781693672
1 487303164
2
1 750036352
1 351721733
1 519780822
1 672449613
1 167526869
2
1 836103608
3
1 2916637
1 351072874
1 758255511
1 286988806
1 960871385
1 966999508
2
3
1 946435756
1 261889263
1 200050888
1 916289733
1 78742530
1 106397418
1 41012249
1 35347298
1 562883820
1 591652983
3
1 707343712
1 404700314
1 256352789
1 614744786
3
2
1 368199758
2
1 258051482
1 9279596
1 719742084
3
2
2
1 173991400
3
1 125028509
1 607175829
1 765268539
1 88898555
1 643955165
3
1 819509582
1 135338038
3
1 435694751
1 513981767
1 486469695
1 826184077
1 738134881
3
3
1 915983401
1 232275118
1 769533118
1 600712038
1 149261193
1 115593541
1 9213813
1 621548367
1 806563372
3
2
3
3
1 253417624
3
1 853265707
3
2
1 958219170
1 954527680
1 792937366
1 53977099
1 599930376
1 913784680
1 990027531
1 549597706
1 533184516
1 67370135
2
1 298815318
2
2
1 681232578
1 646311928
3
2
1 498493685
1 425488243
2
1 834641676
1 988908421
3
1 949197569
1 934521156
2
3
1 560735535
1 895586928
1 70535614
2
3
1 392315843
1 587253987
1 70215500
1 163250967
2
2
1 878222752
1 63214328
1 838321292
2
1 230927619
1 110063353
3
1 801890478
1 781131665
1 201887656
3
1 69266524
2
3
3
1 385335325
2
3
1 177838440
1 130665601
1 264516397
1 42156098
2
1 56892107
1 468114853
1 886722945
1 484681960
1 873505014
3
2
1 577603455
1 501922732
3
1 55072894
3
1 548680931
1 709700385
1 529735908
1 730266116
1 729865414
1 408419175
2
2
1 984286858
1 724289887
3
1 467464656
1 707604224
1 267666698
1 952956066
2
1 661166247
3
1 744912473
3
3
1 399966334
1 702665990
1 424349927
1 127631643
1 925083600
3
1 893571538
1 419660465
1 908866110
1 916339612
2
1 480534899
2
1 845733144
1 957776554
2
1 31639963
1 298107039
1 731778435
1 848888118
1 825238868
1 901619946
1 224587097
1 554136403
3
1 603027353
1 383218820
1 871456644
1 182209285
1 182674990
1 989434229
1 448730702
1 316579838
1 401751439
1 536019676
3
1 730876804
3
1 516906580
1 80331867
2
1 672566054
1 384667285
2
1 301509810
1 176888486
1 840107681
1 32757773
1 928202177
3
3
3
1 399604743
1 936568486
1 757041186
1 660006672
3
2
1 736285424
1 43075800
1 433742334
1 788934255
2
2
2
2
3
1 664416776
3
3
3
1 423882272
1 733896838
1 530341746
1 323970289
1 667055100
3
1 193543026
1 9736532
1 771736089
2
1 802398973
1 267721906
3
1 750473537
1 69081877
1 104129883
1 241207810
1 16171174
1 460054592
1 799752188
1 929482536
3
1 925068210
2
1 532248262
3
1 702582014
1 843171432
2
1 779775082
1 313893259
1 83434468
2
2
1 76308665
2
3
1 727427967
1 373083048
1 766449825
1 883664507
1 306879642
1 476215276
2
2
1 853313161
2
1 278558726
1 513381868
1 853970159
2
1 1082094
1 515486696
1 824439361
2
1 500679000
2
2
2
2
2
1 489744659
1 143726947
1 993022298
1 874799584
3
3
1 970016992
2
1 34081309
1 221343018
1 103203453
2
2
3
1 2943509
1 745466461
1 2378911
2
3
1 237327782
1 447936784
1 22179011
1 181658546
1 303565797
1 322979058
1 325110667
1 920379440
1 503561989
1 552030398
3
2
2
3
1 152649300
1 989656139
1 163531046
1 491226600
1 539410501
1 412042386
3
1 160030627
1 151142768
1 980744385
1 523579700
1 630642616
1 85270929
3
1 892621519
1 481089461
1 106161489
3
1 879998778
1 108037243
1 932570117
1 982032644
1 645271979
3
1 363505097
1 162066333
1 855817602
1 855406992
1 549529919
1 799379474
1 302434161
1 198479252
2
1 1210463
1 635439475
2
1 580768926
1 622293697
1 446835971
1 604912732
1 952008869
1 223568303
1 81439600
1 113555801
2
1 274257244
1 107772793
1 265857694
3
1 380788527
1 262170249
2
1 279289019
1 129224223
3
1 650521621
1 362659794
1 285310996
1 407804279
1 944455852
1 769316525
1 591007755
1 611685731
3
3
1 969445176
1 275313385
1 389412287
3
1 136275740
1 534109425
1 578817673
1 265657473
2
3
2
1 205808575
3
1 315544679
2
1 228310898
1 789386168
3
3
2
3
3
1 600680003
2
1 228225892
1 415805945
1 640147858
3
2
1 153264677
3
1 105610800
1 350262162
2
1 338156873
1 156619371
1 804408801
3
1 996948233
1 464748023
1 617134474
1 107378847
1 925006634
1 638113142
1 641305482
1 854638248
1 215902447
3
1 400896940
1 369031878
1 683626351
1 222632074
3
3
1 148512281
1 759006339
1 700402961
1 666701856
1 539092162
1 310348421
1 827339886
3
3
1 114317194
1 155184197
1 562432507
1 627133564
1 467972186
1 810664372
3
2
1 899658247
1 944364089
1 583257058
1 415623333
1 846092868
1 690378066
3
3
2
1 422683334
2
1 342249195
3
1 733176213
1 371890055
1 29340436
2
1 301766252
1 438837851
3
1 232232650
1 269618481
1 721214006
1 358650374
2
1 399404147
1 471734781
2
2
2
1 837462410
1 680011092
1 291880272
2
1 538753355
1 490034212
3
1 376106217
3
1 495782015
3
1 78998113
1 437917574
1 495975098
2
3
2
2
1 510511882
1 69718975
1 462434168
1 517121214
3
1 270399095
1 630334345
3
1 283920342
3
3
1 885493645
1 495112941
1 412342991
2
1 698061360
1 803548076
1 818794729
1 396037633
1 601275135
1 877148148
1 907572774
1 636937320
1 248710789
1 804897238
1 874939123
2
2
1 364170043
1 838934739
1 519166552
1 37327723
2
1 261244392
1 345220251
2
1 598268232
1 369184696
1 517255617
1 460837036
1 617052525
1 632281104
1 721082450
2
1 178947423
1 787736014
1 54584257
2
1 277830119
1 683477873
2
1 392992930
1 296727351
3
3
1 439305080
1 401232768
1 530581193
1 763419220
1 941684190
1 113132454
2
1 608822727
3
1 900222155
1 719457409
1 421564276
1 53140686
1 844569092
1 173071262
3
1 462576378
1 619290879
1 214380938
1 17306193
1 146472099
1 24293303
1 103378974
3
1 547725242
1 481977409
2
1 731233609
1 770420544
3
1 39974772
3
1 61268002
1 854906153
1 838758434
1 14994863
3
1 297585661
1 350702641
1 566411880
1 197156934
1 126400555
2
2
1 421600963
1 451495821
1 950076657
1 320281041
3
1 653930150
2
3
1 824186054
1 341839547
1 60316098
1 558101167
2
1 343132167
3
1 572958510
1 302956961
2
2
3
1 676573563
1 580835730
1 821329120
1 303590649
1 155707515
1 875353524
1 897975648
1 594037647
1 835097253
1 907875452
1 101242788
1 278876874
1 451882550
1 92892526
2
1 968144866
3
3
1 197730751
1 628739045
1 653371132
1 354393624
1 440967591
1 70603233
1 602511454
2
1 902549387
1 924419153
1 200439350
3
1 382749631
1 913311442
1 36717976
1 145159193
1 13735035
1 131460566
1 921054756
3
1 660699358
1 467145211
1 256279892
2
1 46759064
1 409848430
1 110089615
2
1 272378227
1 894483859
1 351449788
2
3
1 422337294
1 606625966
1 71332904
1 172250546
1 5295883
3
1 427783756
2
1 897657669
2
1 48733170
1 22685195
1 528380015
1 924024569
3
3
2
1 367555284
2
3
1 265573220
1 681343157
1 710659833
2
1 89394800
1 575647593
1 592513699
3
1 245929845
1 691164736
1 30360106
1 627660511
1 72252417
1 150569578
1 52988301
1 859462906
1 738284032
3
2
1 984918384
1 474659743
1 761147157
1 78189748
1 828697993
1 224437068
1 305096454
1 736032205
1 186069931
2
1 115736663
1 720738844
3
1 999977932
1 671841870
2
3
1 307906119
1 195628031
2
1 711025074
1 269890384
1 419550426
1 706120813
2
1 441445143
1 773721533
1 292459920
1 964934369
3
3
1 983272330
3
3
1 134327793
1 976951657
1 281181971
1 511939970
1 301073647
1 208759129
1 524855494
1 960973735
2
1 149731891
2
1 480608558
1 769096441
3
3
3
1 654266516
3
1 600984174
1 793613057
1 421427670
1 66363634
1 706399514
1 128063960
2
3
1 154437638
1 639098416
2
1 995767742
1 819839829
1 371806693
3
1 361274747
2
1 39096352
1 724319224
1 911497832
2
1 398695316
1 696962307
3
1 681587994
2
1 105488253
1 257766464
3
1 920862657
3
1 313961354
1 31255832
1 413606104
1 949135378
3
1 228259169
1 467181833
3
1 312473069
1 976347585
1 408919141
1 139078917
1 361485261
1 200760340
1 514165909
1 363548119
1 30608559
3
2
1 244879824
1 885424526
1 23315374
2
1 435356279
1 415611425
1 476809292
1 411650536
1 920315617
2
1 782160792
1 492981529
1 192861826
3
1 192879738
1 526437511
1 909599876
1 556224830
2
3
2
1 673347953
3
1 747460994
1 512938849
1 611507556
3
1 591590380
2
1 333231390
2
1 910912026
1 980798441
1 275309580
1 536661103
1 104868233
1 124412671
2
1 21067569
2
3
1 898500057
1 573112994
1 301847783
1 971358229
2
2
1 971216697
1 202333148
2
3
2
2
1 676336484
1 425003663
1 494984049
3
3
1 345792955
1 632777890
2
1 133143528
2
2
1 19759272
1 895657592
1 523248238
3
3
2
2
1 197635916
2
2
1 289778718
1 445135724
1 699800823
2
1 992961822
1 248646685
3
1 180621262
2
1 503796826
3
1 350697886
2
1 818097859
1 513792901
1 811470981
1 691245764
2
1 261915812
1 952361261
1 469327651
1 516366981
1 216963394
1 499845588
2
1 132391713
2
1 900690040
2
1 94017473
1 245762662
1 442345727
1 177264936
3
3
1 132514094
1 476745649
1 16116625
2
1 705575860
1 771016304
1 478896551
1 884430534
3
1 884340335
1 6359715
1 118563432
1 309792374
2
1 52841057
1 257660050
2
2
1 168100245
1 162068629
1 540711470
3
1 990735666
3
1 482311126
1 743824170
1 712814745
1 663555603
1 581027321
2
1 605335251
2
1 326849212
3
1 268496867
1 430246960
2
1 144302601
1 282913494
1 632610069
1 498502059
1 614037988
1 523431897
1 625932522
1 417973355
1 754755164
1 479941711
1 419803758
2
3
1 222860187
1 37257902
1 389311708
1 913474222
3
3
1 912820106
1 225240465
1 381614426
2
1 969750009
1 857211658
1 876073020
1 630832749
1 580283413
2
1 457535458
1 329859485
1 44110403
1 429942455
1 111499478
1 813649693
3
3
1 124743123
3
2
1 130117378
1 287958781
1 573118514
2
3
2
2
3
1 644883872
1 575239103
3
1 247704364
1 984200662
2
1 277205542
3
2
3
1 427626129
3
1 59549456
1 505837246
1 848837458
1 329151872
1 786314886
2
1 200323363
3
1 952444554
1 537835441
1 892655969
1 59317530
1 11427779
1 764681433
1 292673732
1 472945733
1 843665164
1 407904103
3
1 614176441
1 692847103
3
1 678123490
1 950994145
2
1 480006356
1 418153235
1 306667617
1 702199908
1 698058298
2
1 262084197
1 313239253
1 319114051
1 604445633
1 527173406
2
3
1 251957633
1 556027620
3
1 731678899
1 771286249
1 226684264
1 144506814
1 239090605
1 647796812
1 878448459
1 345099348
1 329157772
1 371447864
1 58331773
1 606383936
3
2
1 862263761
1 801672681
1 438619063
1 132728201
1 484639324
1 316292254
1 169944334
2
1 579813916
1 268881939
2
1 20931769
1 433129997
1 394858487
1 434431663
1 16626253
1 744444109
1 200480817
1 236178630
1 550263166
1 865062012
2
1 253114103
1 861309032
3
1 102798776
1 510113365
2
1 173723365
1 539593569
1 13671435
1 958758059
1 677315193
3
1 478546916
1 297586506
1 908516796
1 327389922
1 648923822
2
2
1 56783215
1 960639513
1 13210294
2
3
1 729942395
1 517054920
1 711800120
2
1 751978077
1 426554026
1 587383880
2
1 467352634
2
1 792200001
1 971188694
1 967924413
2
1 113589067
2
1 787599972
3
3
3
1 42457333
1 500994738
1 462592804
1 258536534
1 601485236
1 609165806
1 713217781
3
1 700279104
1 123871378
1 84589192
1 473574951
1 922690973
1 787929046
1 798012206
3
2
2
1 167367256
3
1 709142143
1 645328740
3
1 799299056
1 768726796
1 606193455
3
1 811451016
1 222158394
1 713006052
1 434550188
3
1 785854858
1 685717656
3
2
2
1 794020229
1 590776440
2
1 960027460
1 725710277
1 417153533
1 955603710
1 938031967
3
1 845211414
1 492511833
1 86561289
1 936165741
1 305533752
1 632719643
3
3
1 104532006
1 336941953
1 417279071
2
1 187891642
1 580089605
3
1 707972230
1 776586115
1 316077491
3
1 286585716
1 959041882
1 356772268
1 86066693
1 73358673
1 679277229
2
1 796882077
3
1 755146560
3
2
1 766609053
2
1 38564269
2
2
1 239457605
1 882473704
2
1 104230055
1 353480710
3
1 269212703
3
2
1 593353437
1 546964352
3
3
1 304011001
2
1 916707353
1 836338959
2
3
2
1 411791374
1 248467368
3
2
1 212293534
2
1 514632750
1 524417367
1 338285261
1 269353376
2
1 310329216
3
1 770828219
1 840550755
1 463288939
1 844387887
3
3
2
1 311866921
2
1 87687740
1 398914289
1 239991836
3
1 54543607
2
3
1 459680396
1 637708314
2
1 504651398
1 216689885
2
1 29104578
1 490239137
1 721077252
1 59622407
1 456377171
1 754045649
1 965204089
1 993455432
1 757058640
1 282781929
1 481559557
1 719880354
1 734649688
1 26770706
1 45654233
1 913285324
1 280244268
1 999195284
3
1 331535766
3
2
3
3
3
3
2
1 38118421
1 65647066
1 811331685
1 672600520
1 493017156
1 144153557
1 564624101
1 9052704
2
3
1 484916190
2
1 435004131
1 72462039
3
1 708480853
2
1 944757274
1 728006286
2
3
1 794780202
1 506875031
1 843324256
1 717028313
1 182487117
1 558238457
1 559164721
1 561943713
1 185860271
3
1 776991754
2
3
1 850701420
1 719229287
1 794318742
1 673638461
1 725459219
1 113037431
3
1 698185076
1 942047244
1 765823158
1 449516545
1 518023347
1 704567562
2
2
3
2
1 798488649
1 12316677
1 202053994
1 75867377
3
1 745111513
3
1 143133520
1 398754348
3
1 431610812
2
1 704806563
1 465330863
2
1 34221815
1 977266141
1 307612571
1 334135547
2
1 627889703
1 881259909
1 279322783
1 135885859
1 321134061
3
3
2
1 394351908
1 584389331
1 474960575
3
3
3
1 221957263
1 146285019
3
1 243471307
1 855412148
1 263337806
1 716929933
1 698238055
2
1 90120966
1 168071531
1 866674663
1 650404794
3
1 624400408
3
1 915352458
1 995962750
1 49780522
2
2
1 591816628
1 44382378
1 489595052
1 910713891
1 505312376
1 633870363
1 16562848
1 644720387
1 388175884
1 891651790
1 56661321
1 368109359
3
2
1 852308958
3
1 80647366
3
1 940166420
1 497847433
2
1 595986681
1 747077060
2
2
1 100690331
1 265392316
1 101787431
1 272952388
1 240048150
1 136444840
3
1 949908994
1 632226917
1 57450327
1 632051695
1 350143935
2
2
2
1 622228218
1 543042071
1 586519345
2
1 563090045
1 181512450
2
1 387921545
2
1 807735156
1 265926733
1 199088739
1 866684977
1 197588265
1 185255669
2
1 491708937
1 285104264
3
1 37422660
1 995217564
2
2
1 995257600
1 44034985
1 941740902
1 700802238
3
1 424523117
2
2
1 424909552
2
1 85511076
1 372002564
1 1968507
3
1 565415641
1 136923124
2
1 619855568
3
1 636824068
1 140975789
1 198599062
1 533581613
3
3
1 248940915
2
1 126762260
1 613636637
1 179857383
1 800792382
1 529931979
1 948911250
1 106092949
1 649748373
1 834971896
2
2
3
1 891404274
1 314870974
1 22501837
1 430166441
2
2
3
1 932152738
1 761033852
1 851037458
2
2
1 273849832
1 391237464
1 163946503
1 627405513
3
1 389644793
1 16565086
3
1 61430714
1 32913340
2
1 545524978
2
1 718205091
1 492245460
1 959437986
3
1 255312541
1 376221532
1 255824344
2
2
3
2
1 804135636
1 977180526
1 571290712
1 975664427
1 748910420
3
1 20798373
3
2
1 57898830
3
1 691115919
1 52007606
1 948681386
1 199015178
3
3
3
3
3
2
2
1 986013289
1 838446467
1 833519703
3
1 986968834
1 789279331
1 555111796
2
1 690029531
1 27354021
1 177420478
1 206619972
1 20597323
1 187206981
2
3
1 549667262
3
2
1 637757346
3
1 190609797
1 408653689
2
3
1 276954088
1 701443822
1 480204791
2
3
1 969161541
1 30501823
1 146725221
1 841906588
1 440803355
3
1 362691120
1 831323853
1 352438895
1 331269818
1 797023158
1 193252884
1 800030095
1 772754798
1 280752421
1 699664667
1 372546439
1 391031668
1 378440163
2
3
3
1 245406009
1 86401094
1 413995173
1 470478819
1 842825741
1 387329663
1 975145435
1 648562966
2
1 891805293
1 891815356
3
1 808226296
1 100016960
3
1 319126047
1 302062576
1 86194000
3
1 261830768
2
1 693860475
1 550140229
1 824614218
1 911856502
1 30482334
1 821093601
2
1 924197311
1 762058621
1 335089221
3
1 894264257
1 506138403
1 861683195
2
3
3
1 742562789
3
3
1 990541701
2
1 62798371
1 872974026
1 787463914
3
1 791583893
2
1 763368842
1 372789308
3
2
1 439918545
3
3
3
1 37907733
2
1 216257025
1 616203100
1 543115762
1 253689323
3
1 808840133
1 190303941
2
1 224206116
2
1 419528583
1 440915266
1 388355036
1 425096680
1 250873018
3
1 350678031
1 768193128
1 738576198
1 556421407
1 566517353
1 752241021
1 114808983
1 364076026
3
1 414353481
3
2
1 169419972
1 721434713
3
1 254282515
3
2
1 115768351
1 446470744
2
3
3
1 981273926
1 618784607
1 41904105
2
1 698662002
2
1 432109498
1 639894576
3
1 804108045
1 843920048
1 427087119
1 541495183
1 404540710
1 509340547
1 404760140
1 248501375
3
1 768509224
1 615003317
1 158305279
1 283199516
1 864911928
1 951893373
3
1 803381498
3
1 232663183
1 437936013
1 204508313
1 489657547
1 510783581
1 368262558
1 129618176
1 106050635
1 609459956
3
1 612892730
1 805188778
1 489029387
2
1 328421445
2
1 730235002
1 339242292
1 642128607
1 230724721
1 713132978
2
1 239877999
1 701469620
1 438055132
1 758235314
1 848064716
3
1 561134265
1 383517772
2
1 25225827
1 19398705
1 756337903
1 249361449
2
2
1 830320374
1 300999879
1 541317591
1 787760036
1 872845824
1 61298976
1 403371219
3
1 470289152
2
3
1 71055042
1 104227069
1 57536057
1 550003929
1 696507790
1 973549010
2
1 987150030
1 114020749
1 299688775
1 429487388
1 721333408
1 6134763
3
1 891806091
1 674735684
3
1 264431466
1 657574376
3
2
1 550289402
2
1 756330339
1 180332255
1 819068614
1 789569605
1 921441463
1 862890158
1 393917203
1 38525541
2
3
2
1 589380566
2
1 525050276
1 278035626
2
1 661779189
1 297661974
1 242784734
1 992583903
1 412914404
2
1 956178767
3
1 169083035
2
1 654538696
1 840641013
3
2
2
1 961470234
3
2
1 982751419
1 351408212
1 508176416
1 13151191
1 441662727
1 697214787
1 315137914
3
1 948291356
2
1 103108798
1 538586712
1 614685120
1 961584310
1 305055502
1 551264521
1 57645248
3
1 767574371
2
1 269733632
1 432562526
1 429249830
2
2
3
1 412327535
1 300029643
1 999781504
1 187866902
2
1 571923189
1 686536925
3
2
2
1 546666613
1 1410897
1 510082782
3
1 277950898
3
1 978085040
3
1 418555911
1 460186359
1 510104172
2
1 907023265
2
1 467375044
1 973161247
1 466902059
1 97881283
1 563598697
1 92830395
1 789592069
3
1 11585765
1 999017536
1 379040207
3
3
1 402462337
2
1 682219954
1 790317471
1 174486159
1 192697199
1 531550302
1 119079105
1 739628147
2
1 395578927
1 724498624
1 650494896
1 362683668
1 679731334
1 676862825
1 255965514
1 147861091
1 454591545
1 188263525
3
3
3
1 179303741
1 316078802
2
1 954139153
1 496865833
2
1 267459883
2
3
3
3
1 160668667
1 683223466
1 632252877
2
2
2
1 334942802
1 414501596
1 444878428
2
1 22916430
1 615590556
3
1 251830021
1 176506195
1 1352616
1 978391414
1 914908626
1 852468596
1 902483162
1 914631307
2
1 953683195
1 657650870
1 94596630
1 116479356
3
1 961715475
2
1 959048154
2
2
1 629428314
1 172159407
1 317077776
3
3
1 109069860
1 902097644
1 713657007
1 357001002
1 263585535
3
1 62089348
3
3
3
3
1 508114252
1 84819350
1 741075043
1 935127151
1 267716882
2
1 854135454
1 275832666
1 863578163
2
1 922386702
1 488145174
2
1 139444524
3
1 672478941
2
1 63286934
2
1 14759786
1 78861108
1 103535694
1 389960999
1 717486055
1 945762840
3
3
1 173686892
2
1 276223529
2
1 216775666
1 810086081
1 364301677
1 225400886
3
1 697963793
1 671426239
1 762178738
1 333576597
1 282766360
2
1 513212810
2
3
1 498489534
1 779172872
1 729451965
2
3
3
1 139062357
1 897165442
3
3
2
2
1 535240108
1 652894894
1 637829619
1 278195176
1 570597663
1 499601283
1 324822182
1 387707190
1 623118223
1 305845610
3
1 929247633
1 861464185
1 145687913
1 901938519
2
1 894982850
1 998471302
3
1 888729706
1 808499264
1 473974925
1 502617302
2
3
1 612844696
1 24728398
1 470680092
2
1 631266436
2
1 232288868
1 401476775
1 499008681
1 592955779
1 932586843
1 161537611
3
1 820524958
2
1 711414241
3
1 798856494
1 569887717
2
2
1 668971273
1 724771667
2
1 843162071
1 195888361
1 343444481
1 772943802
1 995614237
1 335331172
3
3
1 598463453
2
1 113617887
1 203450976
1 539000250
1 884218853
1 311726165
1 186397836
1 741176266
2
1 96044782
3
2
1 554989719
3
1 810284363
3
1 214458862
2
2
2
1 62653525
1 916112199
1 28498244
1 630195262
1 880486480
1 943310127
1 394578111
1 708994754
1 931686315
1 322819729
1 247851583
1 840471400
1 360797175
1 149787525
1 160661732
2
1 309597674
1 35255659
1 143255385
3
1 854928604
1 684140358
2
1 883677512
3
1 305790043
1 648087305
2
2
1 139325913
2
1 278936224
1 708434987
1 748641034
3
3
1 996187577
1 648735435
1 900274198
1 191271320
1 90050570
1 859936391
1 427114052
1 463982205
1 92935281
1 827331459
2
1 414850155
1 180568733
1 125025602
1 379192437
1 205435854
3
1 888827790
1 138532466
1 598600060
1 837779548
1 689173662
1 66070861
1 921569970
2
1 510664688
3
1 748487995
1 882667497
2
3
3
1 614941216
1 162960385
1 362365409
2
2
1 429329641
2
1 63630509
3
1 135970955
1 684096171
1 497460473
1 149044961
1 992508460
1 268374997
1 29361660
1 894594292
2
3
1 936262137
1 588393241
3
1 449695333
1 83777484
1 632471321
1 900546247
3
1 893222605
1 660417294
1 810619813
2
1 582975888
1 168015809
1 196433330
1 230297063
3
1 602055505
2
1 243528918
3
2
1 352624176
2
3
2
1 887462992
1 973570897
1 468890568
1 313616028
1 460155661
1 283361613
3
1 388582216
2
1 81957393
1 365117145
1 161823989
2
1 306686960
1 573170292
3
1 814966745
3
1 193080417
3
3
1 57998248
2
1 372026229
1 468716371
1 102101449
1 628833831
1 660468046
2
1 446643276
3
1 606318210
1 527638183
1 56630515
3
3
1 976174805
1 998535088
1 909933052
2
1 835325225
2
1 815664569
3
1 578744808
3
1 587447208
1 768591154
1 809813946
3
1 405265681
2
3
3
1 417645952
3
2
1 248970339
1 442891737
1 321595681
1 347676488
1 504256592
1 201548680
2
1 489725603
2
3
1 376465633
1 31200322
1 651825691
1 602011104
1 263911987
1 986477442
1 407470285
1 147260037
1 432724368
1 615697513
2
3
1 789872400
1 286301110
1 865599741
3
3
2
2
1 90020224
1 35615075
3
1 963736761
2
3
1 106308777
3
1 955853103
1 63986565
1 862217238
3
1 800159404
2
1 295076790
1 545139003
3
1 543255949
2
1 276075380
1 69006518
1 369405531
1 169645138
1 10024819
1 385096197
1 45161561
1 471861651
1 108107912
1 818728131
1 367428514
3
2
3
1 577723867
1 488733048
1 309627908
1 382633467
1 115353910
2
1 656969804
1 759218020
2
3
1 539763611
2
2
1 96215833
1 792201904
3
2
2
1 847301643
1 337994527
2
1 67008303
1 857019780
1 948162563
2
1 257077276
1 496499140
1 745392730
1 112145956
3
3
1 828775776
2
1 204829921
1 342758172
1 696186639
1 305805052
3
1 138270279
1 653448874
1 610201627
2
1 701398680
3
2
1 479963419
3
1 234424880
1 650449419
1 896778588
1 400092136
1 282127588
2
2
2
1 593980653
1 403581381
1 940770719
1 203191430
1 914880988
2
1 633524633
1 686855886
2
1 423295977
1 771099950
1 867988985
2
1 363134129
1 220327628
1 992607565
1 528495049
3
1 196783475
1 246312822
1 705116169
2
2
1 492920391
1 149541500
1 999125945
3
1 104583894
1 245711233
1 689562667
1 371611071
1 463577360
3
1 704732676
2
1 827314129
3
3
1 387682965
1 275074631
2
1 209914422
3
1 2268306
2
1 405147269
1 945000493
1 193700168
3
2
2
1 577632204
1 844920984
3
2
1 482127719
2
1 3762677
1 750602479
2
1 794048331
1 979641197
1 235405174
1 7028197
2
2
1 974386122
1 768117485
2
1 922795850
3
1 232459472
3
2
1 428595417
2
1 877156619
3
1 995694229
1 744303395
3
2
1 866365560
1 824497976
1 297278467
1 456012151
3
1 167800758
1 245991038
1 287218563
1 105985858
1 20154406
2
1 181233257
3
1 898116096
1 222466107
3
1 212563247
3
2
1 707225771
2
1 113413315
1 214508221
3
1 278820061
1 833783432
3
2
3
3
2
1 117568650
1 48716552
1 857261046
1 232776471
3
2
1 640067880
2
2
1 883532500
1 489948969
3
1 276676386
1 755395541
3
3
1 641134839
2
1 311886590
3
2
1 246910187
1 287150766
1 453967762
1 608660336
3
1 61776134
1 404737904
1 384354541
1 508238085
1 108744148
1 983140961
1 878161423
1 240909613
1 362954920
1 302956768
1 279936407
1 144757510
2
1 640627985
1 259906479
1 811972140
2
2
3
1 740088805
1 240671067
1 569806189
1 917293626
1 544790764
2
1 32525672
3
1 846940089
1 658706051
1 499485819
1 531845309
2
1 777112403
1 196341612
2
1 258020210
3
1 772818424
3
1 279756093
1 1680252
1 430520730
3
1 595458049
1 948964883
1 647753693
1 428166571
1 684592300
2
1 402370604
3
1 874972306
1 431033833
1 465386313
1 200300304
1 203447028
1 10722076
1 761940332
1 401511134
2
1 880737380
1 47961198
1 625854886
1 390503040
2
3
2
1 502115136
1 446717128
1 211867120
1 622103110
1 81957355
1 341516910
2
1 777822743
1 979789794
1 109910287
1 143436740
1 540074896
1 157200093
2
1 239017696
1 345237048
1 153105209
2
1 397533870
1 67653436
1 493122512
2
1 967631215
1 649847984
1 681758143
1 536732073
1 128979829
1 87295361
1 800854795
1 225856973
1 425022399
1 479978240
1 806460879
1 558493363
2
1 549003266
2
1 461691782
1 330106145
1 332959989
1 529787637
2
3
3
1 375445467
2
1 766153013
1 232706144
1 638218310
1 810623986
1 532940212
1 349569309
3
1 211782460
2
1 166902182
1 407780862
3
3
1 595780509
2
1 757448952
2
1 52546518
3
2
1 478982997
1 335026372
1 776651408
1 899185880
1 376897564
1 601009984
1 613133744
1 432067487
1 735788136
1 580850965
1 238071037
1 257048711
1 983041037
1 301464285
1 691875929
1 179619646
1 953449729
2
3
2
2
1 22012815
3
1 340111956
1 127998861
3
1 420149607
1 669741894
1 118332905
1 783401882
1 389546195
1 897259295
3
1 559888383
1 976021950
1 63781035
1 471400181
2
1 699153171
1 148576056
1 248536200
1 61918346
1 395909006
1 638902506
1 45335904
1 498927516
1 337112792
1 761300386
1 989099190
1 911446021
1 323228119
2
2
3
2
1 933737346
1 226875278
3
2
3
2
2
2
1 306941729
1 199488328
1 27319766
1 180857676
1 246763991
1 359622163
1 334853104
1 996421554
2
2
1 715201666
1 262045838
1 38281566
1 101302872
1 456112098
1 845705029
1 221680301
1 341526860
1 137624991
1 732212169
3
1 732213289
1 455104408
1 2901944
2
2
3
1 182575989
2
1 712888953
1 621904474
1 341739011
2
2
2
1 664151825
1 392088031
1 857425200
3
1 359264340
1 671512918
1 338370448
3
1 279802970
2
1 106794806
3
2
1 387244011
1 953356022
1 181287598
1 593364435
1 763856163
2
2
2
2
1 676394743
3
1 158684348
1 25024674
3
3
1 69726866
1 59143793
1 87499448
1 326264478
1 11951156
1 536487329
1 513658504
1 496122246
3
1 712129749
1 297606649
3
1 325100582
1 530781343
1 145154497
1 697801
1 193261180
1 307889616
1 318949547
1 942112195
3
2
3
1 327915841
1 193134470
1 7060705
1 999953494
1 921040677
1 572208476
1 567581062
3
1 556617323
1 10185025
1 887211244
1 711725315
1 711238767
2
2
1 580209170
3
1 766328121
3
3
3
1 495233302
1 813895516
3
2
1 660413398
1 262291981
1 943523270
2
1 96398398
1 338243666
1 449251391
1 301047034
1 300532713
1 914248809
3
1 865589762
1 290719263
2
1 466792882
1 915054072
1 985276804
3
3
3
1 568859998
2
1 1316055
2
2
3
1 28258726
1 105212268
1 442811469
1 197621091
1 581183228
1 143312282
1 612007187
1 927209945
1 758391380
1 458846827
2
1 605945602
1 932707997
3
1 509743038
1 786402718
3
3
2
1 921961898
2
3
1 613792318
1 183819153
1 571974493
2
1 111336719
1 418751008
1 606993222
2
1 285354592
1 47746822
1 6803068
3
1 77531051
1 278930699
3
2
1 227077585
3
1 799913559
3
1 482747688
3
3
1 915038780
1 558443828
1 110968049
2
1 390173496
1 697950526
1 445320775
3
2
1 910820957
1 976366472
1 705867956
1 458074051
2
1 578365772
1 650847627
2
1 419769397
1 87239923
3
1 567450784
1 144551277
3
1 370805460
1 190101991
1 69114597
2
1 269675180
1 531366664
1 760729387
1 853147972
2
1 196333902
1 627126194
1 204586593
1 364594597
2
2
3
1 718561909
2
2
1 355721443
1 187179059
1 922867568
1 660294341
1 596494242
2
2
3
1 169774031
1 113750917
2
3
2
1 423222730
1 750961217
1 396047918
1 29088174
1 428064721
1 486498786
1 826126021
1 318556792
3
3
1 189333964
1 695529548
1 397400381
1 910029101
1 351330668
1 329825912
2
2
2
1 371801178
1 368397668
2
1 814089419
1 416893398
1 870904348
1 538925107
2
2
2
1 859688494
2
3
1 968841860
1 140333375
1 411990397
3
1 967480856
1 634416689
2
3
2
3
1 310846322
1 157411182
1 10210211
1 692108416
1 898899533
1 675970733
2
3
1 233909361
1 505056060
1 320802635
1 566138382
2
1 674056199
2
3
1 6774061
3
1 195415468
1 116683851
1 454826679
3
2
1 649368110
1 559273011
1 803513053
1 849127615
1 235713103
3
2
1 872462099
2
1 855498432
1 36881441
3
2
2
1 940259273
1 934718271
3
1 352070224
1 335673172
1 692888494
2
1 924641029
1 5248154
1 971365259
1 856478047
3
3
1 152266802
1 170886865
1 362335732
1 523891425
1 158192393
2
2
1 548113299
1 168978951
1 324595643
3
2
2
1 311041700
1 791705693
1 93950785
1 582528488
1 769835866
1 651534525
2
1 554535222
1 214755848
1 45069362
3
1 701376359
2
1 808933322
1 442228524
1 275973559
1 187308840
3
3
3
3
1 662886720
3
2
1 679801749
2
2
1 660428017
3
3
1 739904085
2
1 695718338
1 639491163
1 185010048
3
3
1 467094309
1 287914778
1 591309125
1 135397290
1 222750370
1 274142001
1 243169907
1 964079669
1 202063009
3
1 8345001
1 381806589
2
3
1 102827024
2
3
1 146171998
2
2
1 826459200
1 371597019
1 692543308
1 432430088
1 811079583
1 398725213
1 589594643
1 827843056
2
1 798044817
1 499278050
1 980958139
2
1 239849849
2
2
1 300954876
1 614585651
2
2
1 371668641
1 52388951
1 680106583
1 119091715
1 533422490
3
1 960417869
3
1 802993461
1 901193853
2
1 735857343
3
1 191309216
1 791329677
2
1 277638466
1 301706389
2
2
1 146769562
2
1 136964690
2
1 668494652
1 41459247
1 230805664
1 192751166
2
3
3
1 338582096
1 714201931
1 236653478
1 536887630
1 461165181
1 313972385
1 82685788
1 513152933
1 415616267
1 924085530
1 203815126
1 228931172
1 436937416
3
1 697633013
3
1 407699121
1 619115681
3
2
1 137723050
1 122641871
1 117513120
1 947008702
1 131121948
1 805346595
2
1 986020037
3
2
3
1 948986929
1 733823465
1 875291813
3
1 823472082
3
1 201401323
1 772946681
1 788642763
1 670409264
1 412507782
2
1 40478207
1 812306522
3
1 214330728
2
3
3
1 94675468
1 425257169
2
1 63220692
1 633276934
1 611019589
3
3
1 64145835
2
1 237805950
1 849277179
1 463491286
3
2
1 971335039
1 547186355
3
1 178808696
1 131014412
1 375162940
1 117159233
1 968260216
1 403971169
1 50949060
1 879734254
1 927409433
1 224659177
3
1 491638758
2
1 102398511
3
1 895137672
2
2
3
1 745009328
1 919405094
1 744971961
2
1 279272959
2
1 907188339
1 404867386
1 889806566
1 118196322
3
1 571135507
1 316543326
2
1 441619997
1 933547098
1 529248748
1 684767551
2
1 506193635
1 812496127
1 156264889
1 192133709
1 357525879
1 483078213
3
2
3
1 419522728
1 821243392
1 909090038
1 118241843
1 534494799
1 95342297
3
1 654062051
2
1 313567620
3
1 650452348
1 501522944
3
1 222226012
1 123753016
2
1 859078612
1 637243041
1 66738602
2
1 126657944
1 965067971
1 481016805
1 794607326
1 565365442
3
1 701210999
2
3
1 603270724
1 467959845
1 306192981
2
1 311017516
1 597893295
3
1 475264630
3
1 823578127
1 82725082
2
1 264003706
1 571439169
3
1 816061177
1 21548144
1 461354248
3
1 603712887
1 348639303
1 192461391
1 507430867
1 347179460
1 928686011
1 341546753
1 88938187
1 463563651
1 234207553
1 988531544
2
1 331275770
1 883942712
1 583964203
1 284266397
1 514592247
3
3
2
1 105801497
1 483731892
3
2
1 156750870
1 924204132
1 791274761
1 174275987
2
1 640632321
1 958490176
1 978648401
1 988631200
1 628771695
2
1 121177473
3
1 480927005
2
1 701505746
3
2
1 488576451
1 815568950
1 913842366
1 150006416
3
1 571696033
3
2
2
1 750590937
1 450261789
1 611802842
1 745378129
2
1 54545505
3
1 422550491
1 488916378
2
3
2
1 424389916
2
1 385612334
1 921172864
1 757782019
3
1 655556533
2
1 297338905
1 595639999
1 237975198
1 402546137
1 521378026
1 289633011
2
1 726923005
1 617946435
1 798686620
1 233678547
2
1 934088918
1 94431738
1 796438693
1 335139318
1 336777929
3
3
1 281933924
2
2
3
1 699993000
1 664855171
3
3
1 980830776
1 97397328
1 719459253
3
1 709636214
2
1 225930061
2
1 783009889
1 512967684
1 965603651
1 681956075
1 875254828
1 649368454
1 67649760
3
1 318691017
1 638121208
1 284055108
3
3
1 424510660
3
1 760524523
2
1 513561872
1 955929880
2
3
1 661647891
1 236666795
1 693755106
1 886556766
1 321000508
1 976348534
1 385562974
1 966446919
1 889033283
2
1 138058544
1 207019744
1 561520581
2
3
3
3
1 353441707
2
3
1 232293588
2
2
1 813370021
2
1 458884702
2
1 107841001
2
1 99566022
2
1 543714245
3
1 941996612
1 608300515
1 875876228
2
1 551479227
1 88599416
1 363735932
1 924113963
3
2
1 353394071
1 667550767
1 280187438
3
1 182209521
1 875564949
1 229554326
1 994937869
3
1 573743819
3
2
1 343647929
1 311768002
1 383239393
3
1 986536964
3
1 874879326
2
1 232227966
1 758094334
1 324536310
1 663390768
1 278811604
1 644729131
1 458306942
2
3
3
3
1 822050679
1 421329333
2
1 996333061
2
2
1 745364119
1 206250678
3
1 203172591
1 980758462
1 885727652
1 125423933
1 709186980
1 109906482
1 98621540
1 367472090
1 879132284
2
1 283517942
3
1 406377163
1 936592955
1 401663962
1 605812476
2
3
2
1 796802615
1 176729757
1 216790138
1 77803008
1 110117500
1 714744556
1 573510567
2
2
1 83670612
1 675622103
1 68844558
3
1 70170623
1 212767208
3
1 647809112
2
2
1 39695929
3
1 437836291
1 66572353
3
1 3287513
1 315804459
2
3
2
1 669724805
1 278908774
1 86889721
1 239699365
1 206940707
1 590303289
1 891934624
1 611843847
1 224626480
3
1 613641750
1 130427865
1 373999154
1 562784498
3
1 513088782
3
3
1 119818702
2
3
1 440357917
1 451882272
1 203297735
2
3
1 481876088
1 972196974
1 164164609
3
1 855694732
1 445747006
2
1 778245379
1 808718147
1 545763076
1 620317486
1 262876527
1 737388158
2
1 748727884
1 819753999
1 598574145
1 27299573
2
1 526098555
2
1 187161087
1 681814954
2
1 492038642
3
3
1 950410085
1 544577550
1 310483386
3
2
3
2
1 17909562
3
1 489429046
3
1 663981046
1 170100949
2
1 616017042
3
3
3
3
2
1 521546611
1 911930963
2
1 327509439
1 774711130
1 344481395
1 268507010
1 960668886
2
2
1 892946167
1 79739115
1 618822005
1 767645050
1 619142080
1 666063329
1 194178651
1 123971013
3
1 214539923
2
1 269643114
1 769784590
2
1 376019874
3
1 899069858
1 89443293
3
2
3
1 360341770
3
1 843823578
1 341174449
1 367527682
1 298239791
1 822528975
1 888310787
1 833883367
2
1 412326118
1 4468707
1 183626212
1 207240168
1 453458135
1 20199944
1 794861020
1 145966215
1 517328111
1 206506924
1 54969392
2
1 855472425
1 485763666
3
1 782829028
1 915218720
1 405213569
3
1 966153261
3
1 143080147
1 565408324
1 429745559
1 703085088
3
1 997598206
2
1 132358616
3
1 79775299
3
1 798202727
2
1 456979633
3
3
3
1 796916431
1 572485378
1 987420015
1 829634617
1 116236717
1 883132100
1 395709893
3
3
1 640555477
1 783341418
1 745111579
3
1 701882131
2
3
1 422233785
1 295770967
1 41931757
1 914079209
3
3
1 838448369
1 117670648
2
1 209770671
3
1 462831242
1 771808853
2
2
1 520488082
3
1 964389389
1 895129273
3
1 355873292
2
1 699339979
1 247484426
1 71615994
1 883017691
1 588678899
2
1 731282692
1 199262524
1 907963940
2
3
1 388412766
1 898085939
1 833299331
2
1 906645253
3
1 742782154
1 13266196
1 691206666
3
1 155404471
1 78973749
1 255680647
1 175049489
2
1 244473787
1 17218507
1 329411880
1 344607045
1 858264150
1 459117635
1 653322936
2
1 601988222
1 173608217
1 890772835
2
1 401021081
1 352346851
3
3
1 975122620
1 567367693
1 624121814
1 899526560
1 722205521
1 135736285
2
1 726768211
2
1 810717757
1 64896595
1 632220935
1 470090565
1 863559522
1 839071446
1 151035655
3
1 696692670
1 859137504
3
1 831311276
1 853348289
1 832490872
3
1 407127967
2
2
2
1 205855690
1 96684966
1 400072391
1 791819865
1 826905365
1 934644980
1 803757566
2
1 437619104
2
1 750475835
1 468534109
2
1 982789564
1 244813289
1 677882677
3
1 815297857
1 230809469
1 419769970
1 510860913
1 418572010
2
1 317655084
1 459694665
3
3
2
1 71631919
1 136976143
1 382402825
1 55894380
1 720618564
1 888191245
1 115235459
3
3
1 886411639
1 885457623
1 121584167
1 448775961
1 246229289
3
2
1 503001318
1 275665265
1 817051097
1 533783693
1 498487504
1 438016821
2
1 884644625
1 845621077
1 158565134
2
1 528804825
1 279925493
3
2
1 653639940
1 868882377
1 337370069
3
3
1 867219425
1 917544443
3
1 487065031
1 83313685
3
1 805198477
1 89839000
1 633201900
3
2
1 856188098
1 729276140
3
1 79594642
1 475167452
3
1 208094904
1 734723226
3
1 235580400
3
1 615163907
1 516644144
3
1 549565577
2
1 99497719
3
1 98604700
1 793790805
2
1 331229917
1 895803083
2
1 452684575
1 24863076
1 777751357
1 250848746
2
1 777798178
2
1 790740026
1 853980257
1 749815682
1 758139404
1 653393090
2
1 531928633
1 202817193
2
1 326362384
1 619199974
1 637876373
1 544574692
1 619937665
1 589852189
1 932286388
3
1 616671134
1 664417660
1 763301276
3
2
1 984234121
1 562330945
2
1 490950876
3
2
1 648846626
2
1 722255510
1 873740066
3
1 126507067
2
3
1 311304622
1 376334465
1 830034726
1 123268654
1 375688410
1 169202685
2
3
1 891100925
3
2
1 413508257
1 959019778
1 878495995
1 517180823
1 383849730
3
2
1 495997132
3
1 93748220
1 792852062
1 260377269
1 691187487
1 361164628
1 967245151
2
1 343140121
1 313369867
1 185966142
1 848460240
2
2
3
1 265058218
1 386055989
1 490798700
2
1 169639279
1 458805763
1 712514442
2
3
1 673147962
3
1 13913556
1 895111539
1 130384943
1 308769868
1 340490888
2
1 907075792
1 894211809
1 942159727
1 60380271
1 870000475
1 864052598
3
1 727758146
1 677062619
2
1 411138621
3
1 826181242
2
1 390832648
3
1 991284839
1 291876079
1 395323935
1 36205561
1 861589869
1 737981449
2
1 248899431
2
1 315641029
1 604374098
1 867464758
1 687006805
1 157337230
3
1 506526274
1 745260828
1 347904509
1 454616605
1 49028367
1 454392422
1 302329716
1 505775918
1 309927467
3
3
1 121202548
2
1 964174667
1 733305324
1 172615105
2
1 44456016
3
1 531757280
2
1 579382114
1 10037802
1 4070614
2
3
2
1 880107374
1 580193
2
2
1 621758361
1 498683487
1 331841101
2
2
1 179468090
1 884257605
1 66919634
1 248159285
2
2
1 515177058
1 29999035
1 799183759
2
1 967614032
1 24197436
1 261975743
1 671627803
1 436847323
2
3
1 284476548
3
1 134458081
1 305057888
1 974701949
2
1 183333449
1 258725259
3
1 447609927
1 649294133
1 474835247
1 255879339
1 947660606
1 755112561
1 42070447
1 717216085
1 531994348
1 612189299
1 527299284
1 565443449
2
1 9767911
1 978266557
1 393930382
3
1 441436715
2
1 376551635
3
1 233919056
1 635914350
2
1 402512972
1 250528426
1 416646110
1 872940270
1 13574381
1 206968766
1 263153910
1 758104799
1 695376281
2
2
3
2
1 740278461
1 39093079
1 922041680
1 737299097
1 363591268
3
3
1 287502728
1 387217774
2
1 225436468
2
3
2
2
1 503737059
1 478807850
1 200194064
1 596917993
1 320857216
1 936730987
1 168426873
1 985591879
1 244331762
2
1 422755421
3
1 483859140
1 178310207
1 617938861
2
2
2
1 846200482
3
1 711095023
3
2
3
3
2
3
1 50410238
2
1 631315521
1 18625745
1 10429558
1 812333226
1 562285268
3
2
1 759310479
1 280974468
2
3
2
1 785946513
1 32335863
1 869913628
3
1 270004570
1 864060367
1 393172034
3
3
1 424996172
1 561843600
3
3
1 587555713
1 250998918
1 282243243
3
1 983729019
1 494270796
1 57421571
1 82901603
1 939776962
3
1 39441993
1 692346759
1 705489094
1 715850490
2
1 842890480
1 69187112
1 717421930
1 23925347
1 893158053
1 28625660
1 364093406
1 321804544
1 449203205
1 299532881
2
1 998904472
1 751554083
2
1 522203641
1 253239838
1 579725420
2
1 141661574
1 144695841
1 678775433
1 948127875
3
3
1 359139772
1 180199947
1 510169003
1 917418195
3
1 112636652
1 420475027
1 967630765
1 202537848
1 891484944
1 843722747
1 495467998
2
1 324546191
1 833423141
1 301823707
1 851226486
1 590330533
2
1 848172838
1 833800509
1 362207543
1 45631665
1 450283082
1 270578906
1 466771395
1 881244255
2
3
1 9571991
1 160445333
1 255561165
1 471927698
1 590364029
1 934204350
1 871807124
1 81457111
1 297322418
1 898342511
1 748212075
1 411698472
3
1 674780467
1 609247031
1 546268102
2
2
2
1 923592650
1 206928846
1 679000976
1 587082924
2
3
1 596191339
2
1 47160925
1 810453488
1 80429128
2
1 137648974
1 724484801
3
1 278755468
1 48465766
2
3
3
1 129811987
2
1 537079508
3
1 880936837
3
3
1 34467823
1 796589336
1 134786801
2
2
3
1 161371984
3
3
1 331671517
1 704489937
1 868599769
1 825182166
1 660945457
1 289834485
2
1 587731378
1 650071078
3
1 697543879
1 329324314
1 422170100
1 846600994
1 417024683
2
1 324918254
2
3
1 388314460
2
1 289878589
1 235265138
3
2
3
3
1 200644118
3
2
1 973598668
1 624413328
1 290807844
1 70698101
2
1 774755501
1 171442790
3
3
3
1 46955968
1 469722283
1 574328756
1 839748385
1 523819005
3
1 196333187
1 480673839
1 550107461
1 215394209
1 578990537
1 933167746
1 908635519
1 257598773
1 332789194
2
1 804345643
1 164764151
3
1 681286366
1 165746059
1 462406246
3
1 785042992
1 398184128
1 20230875
1 442369794
2
1 442957122
1 712630415
1 35931196
2
3
1 117812963
1 273971605
1 800584026
1 247656579
1 78957625
1 312162067
1 123901126
2
2
1 750412605
3
1 829612181
3
1 371305562
1 767710471
1 159938202
1 114770889
3
3
1 902964689
3
1 556995302
3
1 941051815
1 44530417
2
1 745193704
3
3
3
1 783060194
3
1 129653514
2
1 467843951
3
2
1 522906309
1 787932744
1 862484254
3
1 537647766
2
1 976099777
1 283147445
2
2
1 261014640
1 59811660
1 816260261
1 169356683
2
1 337940316
3
1 829263487
1 667232250
2
3
1 952899032
1 599087346
3
1 146211824
1 128986578
1 494514399
3
1 887987961
3
1 72465179
1 701952271
3
2
1 439260238
1 522397866
1 574562646
1 446152297
1 673363722
2
3
1 517723729
1 54495016
1 555240020
1 101600778
1 803158204
1 233700028
2
2
2
1 904680022
3
1 119510856
2
1 743855572
1 420201085
2
2
1 80855457
2
1 83252465
1 166729694
1 733274239
1 618288354
3
2
1 290894312
2
2
1 857922669
3
2
1 244279537
1 11123823
3
1 179664240
1 494181073
1 595090130
3
2
1 128618279
3
1 227601937
1 821353150
1 879681722
1 831747998
1 589834113
1 126837912
1 146637045
1 62646896
2
1 817293278
2
1 117174620
2
1 449807406
1 746876686
3
1 119457530
1 749943514
1 569106954
3
1 61523680
1 28913212
1 256952298
1 178827557
2
1 576451247
1 225364084
3
3
1 634349126
2
1 743958254
1 193554612
1 172985318
1 22712414
1 452735314
1 851161608
1 553256356
2
1 595017416
1 929036515
2
1 586726486
2
1 378685627
3
1 182785527
1 5135725
1 420027888
1 334074128
1 321733251
1 307201913
3
3
1 418886615
1 352020126
3
1 968253484
1 561038143
1 829809592
1 723289635
3
1 373851851
1 322039939
1 202198466
2
1 107761404
2
2
1 671627821
1 806030748
1 401138758
1 597501372
1 412708933
1 471858651
2
3
2
3
1 836607705
3
1 530491194
3
3
3
1 487180538
1 968542729
1 974233276
1 382933765
1 646340063
1 917768145
2
1 790105810
1 259764829
2
1 735190572
1 553743091
1 29445802
2
1 697221147
1 967978797
1 916039333
3
1 82562831
3
1 409595587
2
1 801254993
2
1 870119143
1 408866260
1 384249384
3
3
3
1 157504484
1 293788739
1 361021919
1 606925950
2
1 154731083
1 176828573
1 846837198
2
1 288622656
3
1 107333061
1 769755582
2
1 505366582
1 408104294
1 47423922
1 349607670
1 602122786
3
2
1 191798334
1 837696324
1 420589376
1 502493189
1 704941350
2
2
3
1 719409265
1 864203751
1 739953812
1 584793400
1 173482670
1 155777627
2
1 204650170
1 181228550
1 573247067
1 475859687
3
1 667191656
1 788076168
1 814990150
1 535630230
3
2
2
1 767331308
1 687652945
1 550856644
2
3
2
2
1 102899884
1 20846881
1 831382192
2
1 718942013
1 574716693
1 335569886
1 703177703
2
1 899483273
1 768237292
1 993591562
2
2
2
3
1 610917028
1 891708319
1 576096039
3
3
1 50589517
1 413791553
1 405013651
2
1 946123504
2
1 603904170
1 279164587
1 40483750
3
2
3
3
1 302923156
1 231805268
1 977472799
1 636233833
1 504209811
1 625834157
1 122147420
1 519338711
1 594202891
1 624459743
1 639246226
1 983225151
1 165316226
1 351738677
1 866052948
1 514427135
1 278130333
1 36050716
1 530394199
1 285298065
1 694975006
1 92142113
1 770822512
3
1 17457363
1 7465245
2
2
1 321883417
2
1 84029194
2
1 23467484
1 586066968
1 645094068
1 18262238
3
1 170531691
1 255957559
1 637117930
1 408381111
1 150929320
1 40858006
1 680565332
1 235569132
1 84559361
1 531736916
1 971109730
3
3
1 660596747
2
1 313925703
2
1 882491612
1 45305723
1 45819260
3
3
1 569353104
1 75885604
1 843758847
2
1 90715111
2
1 506284027
1 445434131
1 96680617
2
1 430090842
1 389636422
1 644257550
1 425934436
1 742364017
1 121920514
1 93949151
3
2
1 935321929
1 987577060
1 876553582
1 430477755
1 205709091
3
1 829282848
2
3
1 104848486
1 451436052
2
1 914279207
2
1 863046916
1 632045839
1 947064926
1 224970765
1 669130887
1 188745832
1 329759107
1 389884415
3
2
1 671475476
1 116924316
1 701749897
3
1 190645524
1 337544184
1 707739828
1 968871807
1 739123268
1 921264342
3
3
1 906590012
3
1 718815857
1 148785886
2
1 151471843
1 228377014
2
1 459969190
3
1 142426318
2
2
2
3
1 729493972
2
1 546190484
1 41260052
3
1 749912523
2
1 395326470
1 552014653
3
2
1 331608249
1 271574767
2
3
2
2
1 676320682
1 185229593
1 748979207
1 234002897
1 599992315
3
3
1 985622000
1 85834357
1 212597746
1 236757769
2
1 943522079
1 97134142
1 875549408
1 360390629
1 196937830
1 125215746
1 614058583
1 808409997
2
1 411247431
1 267950661
2
3
1 142751625
1 954567438
1 74609663
1 366238990
1 439511458
3
1 4359642
2
1 200027370
1 334808918
1 800779864
1 544183051
1 186018540
1 55578552
1 737566068
1 998568582
3
1 129075970
1 848268142
1 283666251
3
1 924909877
2
3
2
1 899179897
1 432467633
2
3
1 358711957
2
1 868963427
1 168148688
1 885413391
1 282938742
1 153561568
1 830001134
3
3
2
2
3
1 65074049
1 569153350
1 956902720
1 138816827
1 600326745
3
2
2
2
1 163243793
1 10291359
1 892512430
1 395581226
3
1 940983666
1 992445814
1 205726204
1 920181326
1 565877285
2
1 738939897
1 952504429
1 468305216
2
1 790895758
1 119888647
2
1 694689579
1 226742343
1 566893228
1 536207052
1 453118118
2
1 748472
1 763662789
3
1 812515519
1 215184728
1 949750859
1 442751499
2
1 51663276
3
1 248604857
1 668191640
3
1 209233550
1 99654633
1 478290573
2
1 40024140
1 418919864
1 659384113
1 303496855
1 469468167
1 284124743
3
1 277151944
2
2
2
1 634772433
1 222851103
1 11580064
1 493845443
1 15871150
1 158512599
2
1 732529759
1 207664824
1 21485291
1 446270604
1 121666141
3
1 800484196
1 176837709
2
2
1 467606050
1 344086414
1 713176428
1 975785698
1 920829567
1 364209069
1 522969923
1 508258103
1 489325425
1 669272506
1 962055379
1 922691234
1 430292359
1 144077
1 258661437
3
1 338106239
2
2
2
1 414953152
1 728146557
1 510186246
1 198363657
1 502494910
1 497155485
2
2
1 976245251
1 91231159
3
1 574113811
2
1 175201444
1 577535051
1 115317615
2
1 552366917
3
3
3
1 464816529
1 793461113
2
1 11021321
2
1 363796996
1 973567970
1 49038160
1 651178194
1 549937746
1 375491188
2
1 663672379
3
3
2
1 11626464
1 881566787
1 24131070
3
1 703023592
1 96056685
1 763448830
1 803639579
1 424565929
2
1 175025603
1 744482884
1 971487256
1 880406788
1 323177497
1 733271366
3
1 252423629
3
2
2
1 659144232
3
1 133232522
1 883643063
1 381854662
2
1 930314070
1 11718304
3
3
1 413710381
3
1 823263142
1 789264016
1 536324498
1 8615735
1 801741854
1 95278621
3
2
1 675265141
1 506839673
3
1 382984093
3
1 129364391
3
3
1 107850000
1 452870389
1 388532099
1 903057000
2
1 448817858
3
1 648027869
1 506038037
3
1 339415766
1 585252912
1 764782364
1 190122226
1 643070635
3
1 181869052
2
3
3
3
1 505281122
3
2
1 75040553
2
2
3
1 908378311
1 639478045
1 717219167
1 387600903
1 528441423
3
1 293048514
3
3
2
1 273652702
2
1 738906709
3
1 600055681
1 136955380
2
1 87510792
2
2
1 73710388
1 302822966
1 844916086
1 862039327
2
1 577803094
1 689893368
1 923822962
1 839733566
1 134043459
3
3
1 224446722
1 452496269
1 92022521
3
1 508812580
1 772409545
1 837219673
1 742820393
1 679199
3
2
1 801274607
3
3
1 115336644
1 535150746
1 725699930
1 179950769
1 471568496
1 87324589
1 972857094
1 991404294
3
3
1 442924503
3
1 960523809
1 859567980
1 580808255
1 833092183
2
1 804442099
3
1 653205278
1 561034565
2
2
1 62718566
3
3
1 142879093
1 664655978
1 244214142
1 445799014
2
1 241854409
1 758509114
1 214744324
1 564649641
1 800785635
3
2
1 819939454
1 762086527
3
1 611152461
1 607323256
1 32409476
2
1 217692588
1 681849711
1 969288752
2
1 704810490
1 701936909
3
3
1 747312644
1 933671191
1 658001141
1 40459486
3
1 139938762
1 656715405
1 101396380
1 373321918
1 153837664
1 604898262
3
1 78982757
1 193553777
1 993176257
2
2
2
1 276504706
1 184432153
1 444461310
1 402438379
2
1 567381187
1 97684539
1 95074463
1 294088318
3
1 184752588
2
1 264019185
1 981857702
1 900534256
2
1 438139314
1 324613540
1 726304042
1 348168477
1 185731819
2
2
1 387017536
1 684848304
1 978410292
2
1 711001266
3
1 187478960
3
1 662531169
3
1 62215147
1 645925729
1 378559171
2
1 431781447
2
1 221874473
1 898495555
1 285620481
2
1 834602175
1 552594502
3
1 850630428
2
1 330144317
2
3
2
3
1 134744675
2
1 928263889
3
3
1 357112638
1 140778477
2
1 410575763
1 275256583
1 377659734
1 461827373
1 985185815
1 801572619
1 51993119
3
1 353524064
1 575136514
1 147107988
1 690720200
1 69119808
1 921774925
2
1 703248637
1 296997687
2
3
3
1 645243208
1 780645632
1 956264626
1 829129847
2
3
3
1 973123404
3
1 448666639
1 512677200
2
1 528563193
2
1 624836357
1 880412266
2
2
1 128709822
1 124953605
3
1 625525544
2
1 197514557
1 53765596
1 473631121
1 579832336
1 427205233
1 81119606
2
2
3
1 135855391
3
1 30318047
1 109844262
2
1 58615560
3
1 441368645
1 883954880
3
1 204217787
3
3
1 842056704
3
1 405982630
2
1 684587687
1 327042479
1 828779594
1 924388961
1 464909602
3
1 792700454
1 121534139
3
1 64507746
1 45231499
1 103002976
2
1 54270181
2
1 45904474
1 866364038
1 149761363
3
3
1 250024970
1 298138731
3
3
1 717268178
1 728580283
1 857232054
1 156995429
2
1 390568195
1 893112424
3
2
1 237074497
3
1 215145284
1 982773443
2
2
2
1 242648838
2
1 359643509
1 883570100
1 599976303
1 176688504
1 625195632
1 950391960
1 257673928
1 209426552
1 572378875
1 599238092
1 500767233
1 131027164
2
1 164740268
1 842214069
1 233341205
2
2
2
1 936646663
1 850406682
1 485279476
1 275039162
1 731346767
1 743982154
3
1 10526529
1 36543743
1 97621929
1 926252997
1 965600956
1 97745114
1 133317490
1 680576799
1 719535141
1 799441653
1 298254031
1 446022274
1 991722831
1 856658924
1 178461092
1 425125275
1 533893679
1 767755387
2
1 704823352
1 809456795
1 718556415
3
1 994430440
2
2
1 881253253
3
1 822532766
1 969073174
1 906775722
1 843277698
3
1 712757217
1 112596216
3
1 639705713
1 588612290
2
3
1 734734081
1 673140224
1 647158662
1 2052175
1 601473837
1 311709496
1 202618146
2
1 911979026
1 717058748
3
3
1 487864711
1 551692318
3
1 588478048
3
2
1 385500131
1 63731862
2
1 975741610
1 446326395
2
1 90106611
1 255037103
1 784421537
1 63997639
1 161846493
1 902572302
1 994243528
1 430457000
3
1 397888644
1 338657347
2
3
3
3
1 10489455
1 498087793
1 631123160
2
1 575313424
1 83439568
3
1 483898833
3
1 721670645
2
1 911735678
1 401512330
1 752836682
3
3
1 784792503
2
2
1 155205044
1 455270686
1 451804973
1 361340782
2
1 15116452
3
1 407491293
1 62400002
2
2
1 745877183
3
1 466797143
2
2
1 673472709
1 100476996
2
1 911111269
3
2
3
3
1 17535232
2
1 214172368
1 551993039
2
1 338069490
3
1 201281202
1 133348546
3
3
1 265383203
1 723576236
1 221634888
1 886910807
1 626857061
1 657693592
3
2
1 304778903
2
2
1 302515054
1 574079666
1 182345832
1 681150700
1 206680389
3
1 705447030
1 759350972
1 231438908
1 83942423
1 357258889
2
1 428693210
1 742935806
1 255273635
1 74945407
1 9015061
1 238263472
1 294350956
1 719050605
2
3
1 641545222
1 330017931
1 484633209
3
1 750340082
1 306521498
3
2
1 564525526
3
1 115361697
1 870416883
2
1 839885886
1 550585463
1 682653706
1 842755454
1 222023592
1 725577799
3
3
1 649899837
1 875494191
1 720169201
1 708412104
1 625226836
1 944237585
2
1 221370785
1 859076946
1 549805234
1 9351817
1 432728484
1 97520100
1 470084211
2
1 474509784
2
1 336338513
3
1 612904722
1 786074711
1 815896767
1 764763036
1 629405242
1 73765255
3
1 792503520
3
1 694512843
3
1 297514389
3
3
2
1 677158594
1 983865002
1 888069027
1 637832213
3
1 222027599
2
2
1 886565121
1 436889521
1 119475358
1 96795193
2
2
3
1 83406019
1 621101098
1 628956996
3
2
1 756021420
1 650889180
1 314521569
1 204866647
1 607337929
2
1 471124431
1 828281871
2
1 564632791
1 514804530
1 312896019
1 889148779
1 516111025
1 91875073
1 825062241
1 612618014
2
3
1 357194381
1 916183426
2
1 778989648
1 933915152
1 547538586
1 626904484
1 664187551
1 758902019
1 610768837
1 772361190
3
1 69619637
1 29658672
3
2
1 72267468
1 728624347
3
3
1 733802404
1 629847079
1 530362521
2
1 806566873
3
1 805870132
1 435300524
1 760834334
1 310784032
1 729039368
1 610977519
1 949188311
3
1 110774406
1 698882449
2
1 343616754
1 667078505
1 927879157
3
2
2
2
1 592165325
1 746243288
1 47125339
1 738083325
1 192262242
1 728008468
1 726685567
3
1 61221114
1 428089209
1 81125471
1 918297658
1 325024610
1 826303887
1 266181253
2
1 392260169
1 411369505
1 820272009
3
3
1 726420043
1 241349878
1 71191413
1 475453574
1 969355534
2
3
1 344197248
1 399916772
3
2
1 394388569
3
1 215457635
1 187622712
1 66755478
1 101083070
1 202330407
1 920134610
3
3
1 709848939
3
3
1 954103891
1 365955136
1 39128163
2
2
1 507928011
1 51399357
2
1 302620793
3
1 603035242
1 621890538
3
1 170120078
1 481513471
2
1 184987042
2
1 965864114
1 918408821
2
1 389955802
1 224817819
3
1 792560608
1 846783291
2
1 241037298
1 602343699
3
1 925062368
1 227482011
1 657589027
2
1 262733884
1 804712485
1 278526409
1 821892852
2
1 853099908
2
2
1 715947472
1 947882811
1 803956718
1 854138400
1 4840187
3
2
1 720330807
2
2
1 429330756
3
2
1 456790629
2
3
1 624469696
1 936959933
2
1 296029855
1 241710385
1 659862062
1 287147471
1 141195959
1 712309637
1 250139528
1 796282002
1 400025061
1 259405899
3
1 785806114
3
1 963545987
3
1 321732773
1 649229810
3
1 363341321
2
1 75415475
1 387167564
2
2
1 493338117
3
1 169407837
1 208960144
1 964015950
2
3
1 388846823
1 56148463
3
1 84227114
3
1 270801307
1 567420991
1 544483832
1 389232163
1 183746305
1 629615887
3
2
3
1 986946173
2
3
1 23158639
1 999198219
1 392594992
1 103465942
2
2
1 298108028
1 916038092
3
1 135451406
1 425303180
1 187052110
3
1 566253397
2
1 776321031
3
1 185104816
1 156885785
2
1 454694142
1 69220767
2
1 341184805
1 814535042
1 714981409
3
1 277787472
1 982986896
1 726850022
1 189131377
3
2
1 973125820
1 293901030
3
1 423792584
1 419405879
1 562423592
2
1 483821897
1 40710382
1 461551494
1 453777693
1 901790540
1 697360620
1 349449957
1 674531876
2
1 792810697
1 465883735
1 912278529
3
1 377861
1 609543576
2
1 677640721
1 191786906
2
1 312901560
1 40603919
1 604716397
1 268121293
1 328004745
1 119065133
2
1 487915564
2
1 509502356
1 423407573
3
1 547110279
1 733190436
2
1 842184887
1 364578965
3
1 273777663
3
1 829197986
2
1 521364029
2
1 85601863
2
1 229610727
1 387656785
2
1 852050448
2
1 291498504
1 856288999
1 501063336
1 734004983
2
1 853754717
1 385363891
3
1 733069741
3
1 235260163
1 898100954
3
1 324605008
3
1 875010430
1 328564515
3
1 400363996
3
2
2
1 929366189
2
1 496275310
1 930971771
1 679126627
1 443707567
1 607518275
1 140386560
3
1 664122280
3
1 727123894
1 365582832
3
3
1 942432673
2
3
1 280221712
1 669837038
1 687920380
1 357644427
1 198984772
3
1 129930343
1 112377371
1 839812832
2
3
3
1 227453502
1 176343890
2
3
1 916478684
3
3
1 625075371
1 634112548
1 739861461
3
2
1 993942895
1 212951573
1 120957137
1 336244880
2
1 37325792
1 100505006
3
2
1 93455628
1 317234998
1 391084390
1 938576620
1 99580698
1 570314399
2
1 737049982
1 691876833
2
2
1 190037774
1 508347592
1 675566338
1 212054808
1 902105281
1 576604629
1 695125039
2
3
1 295413844
1 349081233
1 965619610
1 136283635
3
1 303943100
2
3
3
2
1 745175500
1 511405758
2
2
1 634723069
1 959609346
3
1 381931517
3
1 516159093
3
1 941406373
1 711872306
1 234370619
3
2
1 434203681
1 717954454
1 740692566
1 819857405
3
3
2
1 69437478
2
1 474496546
1 34121778
2
1 234600047
1 965611675
1 377293728
1 44568381
2
1 839160760
1 784737459
3
1 32794037
1 343987751
1 182219321
1 241087126
1 602981151
1 485221624
3
2
1 773047760
1 367412181
3
3
3
1 307538411
1 803719761
1 18337188
3
1 954702517
1 587165813
1 923822117
1 412912419
1 939190109
1 780477216
3
3
1 735907120
1 455320097
1 717595496
3
1 232288865
1 729129602
3
1 996721341
3
1 524563892
1 481912262
3
1 362605998
3
2
1 73046942
3
1 502350594
1 918042278
1 323198735
1 196104533
1 337075435
3
1 319358679
1 726391093
1 520533589
3
1 682621660
3
1 260753389
1 154836666
1 705812035
1 860673676
1 605013432
1 843075256
1 597765918
1 745647631
1 155724375
2
3
1 582936217
1 597569220
1 365127851
3
3
2
1 44264519
1 635768610
1 317393604
1 580032157
2
2
1 281549527
1 990415524
3
1 365073617
1 896769887
2
1 971621880
3
2
1 628520374
1 421613641
2
1 908924107
3
1 864182601
3
1 71015249
1 55993571
1 873852925
1 163000616
1 541623626
3
1 387977951
1 307703165
1 829898983
2
1 291482993
3
1 967666695
1 593199120
1 724543000
1 278925964
2
3
1 330850424
1 700782515
1 997998023
3
1 622824921
1 866233089
1 761289809
3
1 182107007
1 391575896
1 857505995
2
1 558985030
1 203479481
1 657201767
3
1 444419260
1 397307542
1 601072491
1 416223925
1 795925849
2
2
2
1 769591000
3
1 522665990
1 702632938
1 936785044
2
1 630358704
1 440336513
1 125680347
1 957797337
1 693919477
1 649347548
2
1 267990200
1 979707795
1 369800809
2
3
1 888322443
3
1 483562295
1 125072702
1 957494513
1 33313413
1 367378853
2
1 665439964
1 107336337
1 200051867
1 580235613
3
3
1 143784830
1 653623661
1 505073175
3
1 805026557
1 343614818
1 2609764
3
1 881265783
1 349205994
1 919118738
1 619089572
3
1 218840597
3
1 550515951
1 729017871
2
1 240216341
3
1 464044899
3
1 358538442
1 834128931
1 877094998
3
1 384697374
1 455417562
1 561588804
1 692912387
1 500218139
1 722507152
1 352409634
2
1 750560330
3
3
3
1 434386426
2
3
1 76086734
1 228516449
1 744597592
1 894068209
1 189654173
1 788353061
2
2
3
3
3
1 89205018
1 670601411
1 927204345
1 529886781
3
1 784320892
1 810501103
1 866648100
2
1 191710496
1 58860375
1 227169852
1 68775506
3
3
1 830164437
1 375656438
3
1 885753973
1 768674564
1 201003004
3
1 662271186
2
2
1 6719731
3
1 147106094
1 408144766
1 52229485
2
3
1 93905242
3
1 575157196
1 196879107
2
2
1 465446087
1 431288617
1 577261542
1 212975460
1 992334376
1 480627627
2
1 731101416
1 906763477
1 841930531
1 398679396
1 560835032
2
2
1 126049599
1 455768759
1 478947793
1 343375356
1 826821766
2
1 971434227
1 339962784
1 448147039
2
1 153263246
1 697475628
1 220249143
2
2
2
1 293475911
3
1 290671699
1 471102871
3
2
1 717262813
2
1 836078488
1 481454693
1 262016126
1 930366731
1 210732951
3
1 285249369
1 264358089
1 847783542
1 611106215
1 984565201
1 743897433
2
2
2
3
1 564112278
1 7784660
1 664428738
1 48032337
1 212008494
1 240819848
3
1 820784625
1 726480517
1 393562147
3
2
3
2
1 806695618
1 131774750
1 617711466
1 56353716
1 338368106
1 311454029
1 435608964
1 955571405
1 542877646
1 517468042
2
1 724923492
1 188489019
3
1 307483596
3
1 932088328
1 235494564
1 853792702
1 735802849
1 487500200
3
2
1 245736214
1 133146624
1 319745464
1 872974036
1 708133348
1 604920635
1 642245325
1 707499060
1 254794957
1 493003775
1 318685083
1 405759071
1 715637397
1 752762585
1 173332215
3
1 338320075
1 471681009
3
3
2
2
1 958329955
1 496066570
3
3
1 663703300
1 422623019
3
1 330135365
2
1 615689619
1 19060917
1 517934386
1 376053934
1 338152380
1 884316081
1 569526162
1 651426863
3
3
1 610326510
1 660247526
1 414254150
1 286081313
1 232869982
1 889102245
3
3
2
2
3
1 140769699
3
1 206730073
2
1 76149957
3
2
1 700351677
2
3
1 1170466
2
1 434099455
1 331906412
2
2
3
1 998570105
1 620180960
1 888421630
2
1 571880234
3
1 164540428
2
1 20801794
1 123551621
2
3
1 69201220
1 357958874
1 503914534
1 73329525
1 581387937
1 334552768
1 474155262
1 233005701
1 73703832
2
1 899654267
1 987255986
1 138999372
1 641617886
1 326058160
1 630458339
1 19818414
2
1 137106631
2
1 196265252
1 890966119
1 643712137
1 671649213
1 54080410
3
1 482903789
3
2
1 116424459
1 335912027
2
1 77491617
1 830140927
1 335515480
1 156122742
2
1 539033166
1 411948042
2
3
2
1 682110027
1 449389274
1 808576191
3
1 228912793
1 15625813
3
2
1 752121990
1 375502138
1 457019211
1 177108538
1 819224024
2
2
1 424999823
1 113669933
2
1 289906040
1 646098657
1 251891182
2
1 710708171
1 10675388
3
2
3
2
1 288130430
3
1 761563414
1 822850286
3
3
1 677881924
1 703877494
1 666045972
1 436187712
1 18692315
1 392617835
1 905198616
1 85900241
2
2
1 587439018
2
1 867330552
1 897211235
1 624256933
1 476662749
1 958494414
1 683803086
1 194876119
1 376717242
3
1 476861140
1 678621777
3
1 645185554
1 540410715
1 365679294
3
2
1 10943595
1 699153171
1 448098390
1 10152681
1 501170543
1 361848396
1 299060376
1 844082736
1 737682150
1 294845144
1 880508382
1 317491741
1 601876920
1 933396391
1 48235936
1 472950577
2
1 616312299
1 51694562
3
1 894869772
3
2
1 120881006
3
1 53417588
1 9640533
1 510267957
1 531837964
1 91876850
2
1 346038304
1 564154790
1 223446598
1 786641009
1 714408636
1 243402041
2
2
1 763559983
3
1 582637975
1 540266302
1 962936921
3
1 515057160
3
1 825935088
3
1 441317738
1 371627370
1 35697528
1 305178833
1 135589575
2
3
1 989228677
1 288705212
1 641047664
1 230042316
1 296698138
1 121586103
1 239649317
3
3
1 256206983
1 670624668
1 27151559
1 682620340
1 235284285
1 934154082
1 470329429
1 190831282
1 419492044
3
1 373269644
3
1 659981795
1 96560613
1 8137750
2
1 221092290
1 941640341
1 287882474
1 513021453
1 805069999
1 903502053
1 954590793
1 636269118
1 358445138
1 993060028
3
1 910969655
2
1 23503486
3
1 341712595
3
1 586624835
2
1 807422105
1 78466900
2
2
3
1 233117286
1 18775082
1 228738279
1 386333074
1 597675115
3
1 809583820
3
1 551549785
2
3
2
1 951049220
1 462739604
1 359897499
2
3
1 384205211
1 282952415
2
1 779404561
1 730945413
2
1 385736818
1 865870218
1 730767975
1 977242308
2
1 915327859
1 316379164
1 142678581
1 108750899
1 982555431
1 666727963
2
1 538779981
2
1 794499978
1 658522065
2
1 429882962
1 566942296
1 944527156
1 128322955
1 326720568
1 76227265
1 413777131
1 128321386
1 241404848
1 857881318
1 969069048
1 846824139
1 147160202
1 939691806
1 326984124
1 912312472
1 499317175
3
1 176389739
1 364165279
1 927552878
3
2
1 644544172
2
3
1 286122699
2
3
1 687983796
2
2
1 477665232
1 695736179
1 975268430
2
3
1 85793115
1 650257423
3
1 342427695
1 730954351
1 942652945
2
1 247086092
1 908579369
1 429329935
1 585324174
3
1 11566578
1 3179903
3
2
1 414486609
1 562676219
1 466680411
1 266500794
1 747643494
1 539540927
1 486918766
1 890297526
1 632099810
2
1 538249739
2
1 493635657
1 842646400
1 777638937
1 838981631
2
1 285075438
1 179639514
1 580238871
1 153832696
1 558552628
1 608092206
2
1 451068663
1 754314070
3
1 677720050
1 237484304
1 958169643
1 50027251
1 278153554
1 10770637
2
2
2
1 795703161
3
1 573715483
1 821336695
1 154566619
1 586042937
1 146615982
1 664420355
1 970047310
1 521309881
1 291563610
3
1 326853684
1 142563013
2
1 923407637
1 122338545
1 544977833
1 539878446
1 171878131
1 452260845
2
1 34823074
2
3
1 366304291
1 596546311
2
1 286242017
1 665005321
3
1 883470334
1 42211032
2
2
1 562338198
1 628395875
3
1 621852596
1 435666367
1 335273593
1 349679601
3
3
1 951550174
1 271437121
3
1 645882800
2
1 548190779
2
1 241772331
3
1 19412300
1 293767882
1 388438998
1 276813733
3
1 719795457
1 852485894
1 998579217
1 869786937
1 30724425
2
1 896024910
1 66784380
1 546920408
2
1 997349292
3
2
1 802523772
2
3
1 73209592
1 101880068
3
2
3
3
1 408980415
2
1 277560807
1 412159401
3
1 782820874
1 570250893
3
1 484153575
1 377773740
1 845620762
1 848356894
1 865536379
3
1 221611246
1 411609029
2
1 218578737
1 641735964
1 662924770
1 379106023
1 27075575
1 132455850
1 661051874
1 524179569
1 633926616
2
1 448168488
1 831397446
1 792321780
1 487989749
1 839316286
1 772151634
2
1 766821823
2
1 565702548
1 983697092
1 638509890
2
1 990208144
3
1 405182894
1 415024209
1 764126484
3
1 577793323
1 442862357
1 410865746
3
1 267511815
1 502589897
1 915359706
3
1 300024938
2
1 449628860
2
1 919995488
2
1 360234371
2
3
1 389879434
1 296333702
1 624516712
1 883732028
1 52235074
1 618105085
1 286620521
1 529262924
3
1 363019698
1 43690639
1 167948178
2
3
2
2
1 971035666
1 403885265
1 995224481
1 768869687
1 582738239
1 927293781
1 773633580
2
1 471908235
1 952030596
1 857405434
1 448919598
1 624949839
1 939857196
3
1 147771029
3
1 741611683
1 709695297
1 838898699
1 387612195
1 192968873
1 516176749
1 489044160
1 151738467
1 202279841
1 975667321
1 512693747
1 47723923
2
1 828317557
1 6165750
2
1 679549995
1 827987209
1 942714862
1 185009845
1 540820931
1 109659033
1 612592522
1 543890310
1 832920852
1 401564510
2
2
3
1 355290138
2
1 204964663
1 808969452
3
2
1 754974050
1 105581861
2
2
1 359579355
1 980212592
1 72783433
3
1 211253073
1 90907516
1 410850589
2
1 26224493
1 873821254
3
2
1 614571602
2
1 953335090
1 203346053
1 956371312
1 558308199
1 581650700
2
1 384730955
1 834396375
1 904358805
1 709610172
1 480747348
1 638697037
3
1 820387231
1 835058777
3
3
2
3
1 226223602
1 877673414
1 645233422
1 568166387
1 584401126
1 154911560
1 86039596
1 113810228
3
1 442161515
1 331194148
3
3
1 51269957
2
1 24677440
3
2
3
1 89038101
3
1 214871262
2
1 516891909
1 771566141
2
1 449834468
1 108289200
3
1 314600677
1 48869630
3
1 852624963
1 145134463
3
1 704284566
1 181894117
1 380158397
1 373073658
1 898840999
1 589159410
1 794809662
1 627643991
1 535715009
1 873478441
1 380781821
1 849953047
1 81931668
2
3
1 406959929
1 457495810
2
1 631834943
1 707615312
2
3
2
1 233803978
3
1 673177030
2
1 253857051
2
1 913824763
1 785481278
1 500041003
1 329688304
1 673454031
1 676497253
1 763583495
1 134276680
3
1 944077323
1 521941851
3
2
1 655007009
2
2
1 593891542
2
2
1 754009046
1 881850260
1 196069906
1 174978350
3
3
2
1 833389220
2
1 793879971
1 806225739
3
3
1 901866480
3
1 726601978
3
1 616580339
1 32128628
3
1 877641259
1 90904595
1 61876565
3
1 463287635
1 457143465
1 969757713
1 35056582
1 350263258
1 17512072
3
1 234077798
1 773855829
1 734264862
1 887569250
1 659849193
1 216551943
1 764666650
1 424695343
1 599169220
1 755506088
1 505096703
1 519311458
3
1 36874755
1 326069289
1 976084048
1 922903694
1 118002505
1 890662629
1 192084119
1 400223833
1 925348854
1 157323589
1 73998194
3
1 312969973
1 593968773
3
1 950883857
1 606011299
3
3
2
1 834998226
3
3
1 461840528
2
2
1 618138505
2
1 864994723
2
2
1 861020470
1 462394183
1 528627848
1 494814897
1 339356073
2
1 475934892
1 672042954
1 382191311
2
1 285114882
1 423596343
2
2
1 205264094
1 791653169
2
1 665059800
3
1 476203152
1 360701943
1 656762630
1 917254871
2
1 20177701
1 351947614
2
1 527057061
2
3
1 70942763
1 81131320
2
1 280919592
1 501825356
1 573875032
3
3
1 660518258
1 911591234
1 974149793
1 359941460
1 859350771
1 424081385
2
1 704024461
1 522970430
1 240657123
2
1 240777409
1 49114998
1 185259663
1 634711647
2
3
1 685740377
1 314445298
1 37943559
2
1 373710537
3
1 5502496
2
3
1 658583417
3
1 85546815
3
1 659892799
1 508472346
2
3
1 122987210
1 525576296
1 105661027
3
3
1 447304080
2
1 758556778
1 159771726
1 204452674
1 534580535
1 406928539
3
1 169137553
1 621499299
1 878343501
1 774103171
1 458557173
2
1 910540254
1 945991881
1 792390915
3
3
1 696681621
1 4544966
1 360836544
1 575052580
1 966009189
1 683089555
1 48459349
1 62982646
1 541565334
2
1 193061148
2
2
3
1 90626960
2
1 9796815
1 97578095
1 977103006
3
2
1 607156500
3
1 903751878
1 427397156
1 512095503
3
3
3
1 432341589
1 913239253
2
1 267977966
1 410815496
2
1 225052039
1 700478426
1 696250005
1 383161424
1 242668745
3
1 498962668
2
1 728081917
1 548019511
1 829591058
1 696621824
3
1 288921600
1 395714414
1 247682685
1 650640132
3
1 961531561
2
1 105366190
1 754651896
3
1 948585861
2
3
1 29321836
1 644586079
1 182922048
1 663676444
2
1 553771693
3
1 728306964
2
1 234768233
1 248085519
3
1 28565088
1 346736438
1 244953168
1 599232423
1 721677983
3
1 240399692
1 683504996
1 878529289
2
1 220923535
3
3
3
1 338553807
1 112654728
1 247672787
2
1 843906451
1 76122062
1 652819401
1 53176869
3
3
1 141855031
1 57783690
2
2
1 866272846
1 681572579
1 666102409
1 71378283
1 362575180
2
1 45051286
1 598670809
1 680260819
3
1 443631122
1 552866420
1 621371764
1 660519535
2
2
1 878917832
1 901735396
3
1 957004481
2
1 824608044
1 655510563
1 568471320
2
1 618119631
1 929594781
1 444355787
1 573813336
3
1 913014870
1 459542877
1 127787373
1 545058146
1 708969862
1 546083409
1 356130126
3
3
1 193852823
1 759627525
2
1 212079313
2
1 438279951
1 659032518
3
3
3
3
1 225565841
1 436581120
3
3
1 92157237
3
1 95772075
1 719920022
1 68769726
1 883363654
2
1 789431089
1 783695317
2
1 106735426
1 631602907
1 409067145
1 809706574
1 811113694
1 269134222
1 197894506
1 818830693
1 437460395
2
1 428517840
2
1 145096071
1 157081690
1 538914723
3
2
1 749662843
3
1 731677331
1 368463535
1 624484292
1 493716478
2
2
1 964264948
1 964454992
1 284308468
1 66148352
1 885704995
1 508570238
1 224803494
2
1 264856601
3
1 115482178
2
1 754140897
3
1 232354831
1 338721712
3
1 375760981
1 356745985
1 97767326
1 521324835
1 413746174
1 783528075
1 90499234
1 306489419
1 666394509
2
1 119239858
1 186462378
1 38629705
1 595670488
3
1 683532680
1 218027848
3
1 836964718
1 232320337
1 151353705
1 117196716
1 741031197
1 681535119
1 16170375
1 347403583
1 253921735
3
2
1 727823711
1 709173423
3
2
1 937271877
1 947140614
1 66636759
1 849616450
3
1 480537647
1 944050308
1 1313213
1 274140344
1 247325713
1 597977299
3
1 223682179
1 927923397
1 149699968
1 916740643
1 644909533
1 443986267
2
3
1 943764300
3
2
1 355337238
2
1 427195555
1 359736629
1 599333442
1 241355718
3
1 348177649
1 553895655
1 177632334
1 957676077
1 519082181
1 816768312
2
1 86755119
2
1 621908919
1 774491729
1 11472208
3
1 511987339
2
1 444039289
1 25804929
3
1 873806880
1 496882582
1 5217122
1 155879180
1 118588628
1 879167490
2
1 881336094
1 483597469
1 349560376
1 639509453
1 223669572
1 502782701
1 297917957
3
1 689837277
2
1 337769547
2
1 775947457
1 334418615
2
1 636074923
2
1 588359882
1 74685026
1 103865311
1 324116309
1 31943813
2
1 17966354
1 697412325
1 311916615
3
1 438634542
2
3
1 450846513
3
2
1 587519393
1 43136533
1 623273488
1 195330334
1 914464134
1 10144990
1 472244666
1 241610368
2
3
1 224293694
2
1 267703463
1 446762614
3
1 126181077
1 115442356
3
1 696260999
3
1 708866148
1 680415092
1 653649180
1 656983015
1 71040972
3
1 600855424
1 649429394
1 688627901
3
1 263839877
1 116495237
1 462543225
3
1 800227242
3
1 481094610
3
3
1 955909307
1 306227249
3
3
1 318777765
1 505032905
3
3
3
3
2
1 632765146
1 282316339
1 691439681
1 300191125
3
1 877679063
1 658928716
1 67789257
1 126139164
1 696355640
1 868362342
1 604339354
3
1 792047346
1 200862081
1 740307817
1 502032579
1 63709520
2
1 638227577
1 2088182
3
1 154163582
1 597505053
1 48540527
1 153029764
1 191201959
3
1 176486966
1 919343706
1 759847353
1 379617137
3
1 301274639
1 71774704
1 655024961
1 235381375
1 947347923
2
2
2
1 68577238
1 595118633
2
1 709021353
2
1 421424936
1 628661182
1 944762948
1 406213711
1 740708187
1 130610824
1 120190822
1 811736549
2
3
1 862753553
1 147376340
1 894186538
2
1 767136161
3
3
1 155192982
1 880392581
1 762090116
3
2
1 355231806
1 211347198
3
1 742442837
1 220322675
2
1 724705809
1 500266299
1 894308446
1 649028052
1 545396041
3
2
1 48323288
1 886486891
1 6532435
1 401538186
1 158428550
1 580332250
3
2
3
3
1 70961733
1 152723783
1 245065008
1 451702932
1 839428369
1 281251828
1 317746940
1 506734902
1 654379527
1 515680328
1 387842443
1 253471100
3
1 760478792
1 564794302
1 962025205
2
1 534075267
2
2
1 291372617
1 128439144
1 593317090
1 66207989
3
1 535308489
1 338034863
1 811911987
3
1 798375246
1 432372347
1 918657519
1 86587427
1 714726830
2
1 691341121
1 101561551
1 595299200
1 240736835
1 117486127
1 223658453
3
2
1 996331955
1 725215244
1 939421920
1 419839819
1 366669166
2
1 874531401
3
3
1 136052898
2
3
1 416103554
1 180229623
1 664588010
1 793914886
1 913843806
1 610824725
1 966010656
1 226922020
1 852221817
1 246469200
3
3
2
2
1 670560145
1 968983468
1 712813096
3
1 335370597
1 389234679
1 220775724
1 824520632
2
1 609682505
1 33205366
3
1 324761350
1 172421304
1 159051267
1 781124484
3
2
3
1 369815272
1 603180312
3
1 995938668
1 847211800
3
1 88511418
1 106270452
3
3
1 487744978
2
1 187644635
1 825700782
2
1 162343919
1 736568436
1 597928508
2
2
1 331722092
1 452844149
2
2
3
2
1 465381158
1 878657120
1 923059408
1 218382644
1 790382617
3
1 635599364
2
3
3
3
1 34550706
1 790024338
1 857788018
1 221800882
1 915580858
1 823275631
1 712491202
1 36632162
1 7589522
1 895124500
1 866504261
1 447045442
3
1 472088153
1 196817178
1 451652080
3
1 152195598
2
1 246091056
1 95564401
1 442391679
2
3
2
1 64166371
2
3
2
1 192881364
2
2
1 18961227
1 350249827
2
2
1 23307870
1 522732589
1 468548189
1 703419734
1 697457978
3
2
1 97536334
1 351907180
2
1 724654804
2
3
3
2
2
1 45040448
1 458519680
1 647058596
2
3
2
1 537440388
1 425894643
1 703112304
2
1 60636109
1 600441636
1 585190859
1 613815242
3
3
1 274051443
2
1 318446904
1 742027691
1 841589313
2
1 621333284
1 56495356
1 557768523
1 395903765
2
2
1 977928746
3
1 191337960
3
1 824383254
3
3
1 293108558
1 823361591
1 401174770
1 418091079
1 341188995
3
2
1 796840962
3
2
1 869803829
1 960993790
3
2
1 13065633
1 944972050
2
1 762553374
1 100578508
1 787562767
3
1 131723663
1 792698660
1 275503581
3
1 481285416
2
1 808205919
1 572298111
2
1 165252396
2
1 993988123
1 9370784
2
2
1 509491275
1 472859286
2
1 707280057
1 940191023
1 986092635
2
1 395692940
1 451872558
2
1 350584499
1 322757445
1 781145875
1 236961613
2
1 156558010
3
2
1 770881535
2
3
3
1 266136538
1 337746977
2
3
1 44467161
1 98292792
1 755802172
1 790798188
2
1 140574737
1 807392643
1 629216320
1 433804820
1 404481759
3
3
1 927933477
1 919028119
1 538107087
1 49243534
1 618814551
3
1 437799863
1 346657400
2
3
2
2
2
1 161466792
1 430613221
1 135220083
1 48332367
3
2
1 394484748
1 143526806
1 825549152
3
1 526739989
2
1 268573815
1 382933815
1 78629768
1 970453097
3
1 899153419
1 92012119
2
1 418070535
1 475552327
1 424826925
3
3
1 133454955
1 366596976
1 720036884
1 635394752
3
1 89495558
1 517486203
2
2
2
3
1 33203166
1 639082638
1 221927861
3
1 268179465
1 257233374
2
1 767412607
2
1 110262771
1 309553876
2
1 417227453
2
1 74774392
1 818519404
1 515594948
2
1 196826218
3
1 801029524
2
1 797251164
1 817074380
1 858296817
1 435732452
1 136329453
1 331178835
2
1 154910435
3
1 595982165
2
3
3
1 774865538
1 868717993
3
1 560473910
1 153536580
2
3
1 761782380
1 396888978
2
1 165651922
1 968617185
3
1 736449045
2
3
1 549593044
1 235400806
1 781842961
1 49692690
3
1 887693346
3
1 442294261
1 706073454
3
1 233214861
1 474084348
3
3
2
1 740878619
1 533876670
1 175490266
1 30203184
1 848799939
1 801985552
2
3
1 528176421
3
2
1 580171750
1 969227976
2
2
3
2
1 575149385
1 819471919
3
1 368303695
1 476045699
1 613753101
1 796232737
1 542236747
1 950789328
1 390750259
3
1 544831734
1 993041551
1 675880429
1 753507277
1 672517203
1 511285270
3
2
3
1 513101974
1 882129040
1 636875482
2
1 338850029
1 586400993
2
1 199913133
2
3
2
1 203753379
1 769118708
3
1 92784122
1 430212366
1 609969575
3
1 691237705
3
1 612382073
3
1 378293382
1 358836151
1 655155835
1 642796762
1 190685821
1 682606565
1 744646846
3
2
1 37995784
2
1 906992245
2
2
1 864463033
1 282768849
1 832350878
1 197853980
2
1 885035261
2
2
3
1 108653961
2
1 919532489
2
1 421745082
1 978425040
1 5643875
1 358418828
1 899438406
1 371515030
2
1 138381795
3
2
2
1 25837216
3
1 449277268
1 897980498
3
3
1 307109290
1 830920956
1 688436155
1 114266072
3
1 407631128
1 368259357
1 544024462
1 398618078
1 634389228
1 600420701
3
1 439818611
3
1 591599083
1 937098400
2
1 243862713
1 843483842
3
1 764740955
1 68893510
1 616369951
1 603117119
1 142921251
1 299143787
1 292461311
2
1 652901216
1 985231544
1 192696210
1 883364827
1 521853982
1 211558962
1 117844756
1 749651407
2
3
1 602177782
1 3816990
1 204243549
1 436255406
1 748771691
1 543637792
3
1 892695559
1 12292056
2
2
1 272091050
1 926624549
3
1 495246508
3
1 265020635
1 669129600
1 1229307
1 764439178
1 665625646
1 424368227
3
3
3
1 311760140
1 959709044
1 525337017
1 423838758
1 334831585
1 860834140
1 625898980
3
1 235463912
3
1 355926089
1 879094096
3
1 34400994
2
2
1 172207009
3
1 596354633
1 989749290
3
1 102849803
1 830803012
3
1 8656978
1 941341504
1 612725622
1 480593747
1 263421111
2
1 558154982
2
3
1 939636871
1 360103166
3
1 153548857
1 243616569
1 731732636
1 424423765
2
2
1 925580985
1 886216477
2
1 591944637
1 582345252
2
1 102382558
1 599330839
1 602568996
1 488568729
1 216775727
2
3
1 69784390
1 721853099
3
1 466828715
1 600518903
1 221745057
1 54451592
1 835809338
1 271260083
2
1 77764542
1 307273353
3
1 764992372
1 68303051
1 889653309
1 362733198
2
3
2
2
1 752232173
3
1 784946507
1 305609985
1 975442800
1 974031942
1 880678651
1 421197415
1 281091950
2
1 880183736
1 16672378
2
1 862672641
1 609698811
1 57551836
3
1 338593406
2
3
2
1 306846173
1 300621036
1 634281897
2
1 489292354
1 745816327
1 990279409
2
1 316231399
1 776237690
1 211940361
3
3
1 905864705
3
1 401330307
3
1 112369991
1 151840290
3
1 498183293
3
1 191620427
3
1 336435815
1 962028196
3
1 125765728
1 849795802
1 815519152
1 45033763
1 269320654
1 902853875
1 475585520
1 157574864
2
1 1741881
1 643965889
1 954344329
1 418236203
1 26866128
2
1 317773421
1 451440720
3
1 847871129
1 906694404
3
1 623519621
2
1 819107025
3
1 523426773
1 105646376
1 642065877
3
1 748619058
1 680857358
1 960695988
3
3
1 440982672
1 217430885
1 965785316
1 616920651
3
1 235915131
3
3
1 620065023
1 488744471
1 994552952
2
1 390679826
1 335330916
1 426344156
1 769353262
1 538685785
1 836566313
1 407720661
1 572131528
3
1 834545564
3
1 422767008
1 268423186
1 188762608
1 878847408
2
2
1 920547416
2
3
1 513682443
2
1 97515941
1 757397346
1 818778224
1 693401930
1 349436660
1 884644497
1 773594130
3
1 294864186
3
3
1 444586588
3
2
1 946619491
1 1677739
1 199499668
1 648825576
1 610250072
1 389017020
1 168094328
1 84338170
1 500196703
3
1 793150970
1 430285593
3
2
1 415803515
1 247151186
1 823092597
1 731625425
1 904458254
1 43038753
2
1 660156444
1 974802026
1 361664619
1 559439153
1 956957952
1 839829476
1 867853951
3
3
3
1 716161843
2
1 713230106
3
3
1 416953480
2
1 532431077
1 157155045
3
1 921744069
1 570814005
1 477072179
1 934053767
1 524301123
1 700220266
1 804700331
1 885335114
1 43488032
2
3
1 401406619
1 568063398
1 645987223
1 818363558
1 166709072
1 227522607
1 141203460
2
1 162954057
1 207008326
1 675672615
1 665016299
3
1 26187481
3
1 934321878
2
1 159326003
1 875013863
1 97101442
1 549656724
2
2
1 162231339
1 286811147
3
2
1 409433714
1 462521746
3
1 260485147
1 760280247
3
2
1 60750231
1 879477089
1 956191225
2
3
2
1 542132170
1 321548959
3
2
3
1 581900811
1 766165560
2
2
2
3
1 114069380
1 215493305
1 61464478
3
3
3
1 310007584
1 725517110
1 270036961
1 530715740
1 785211038
1 214038232
2
1 742478629
1 87588812
3
1 63224968
1 812990735
1 673416666
1 603973495
1 378513216
1 373767680
3
2
1 852601690
1 196781599
2
2
1 889337798
1 759409694
2
1 720801714
1 865175053
3
1 926965335
1 537549664
1 745795922
2
1 338521757
1 251857007
3
1 583672678
1 136560166
1 256834072
3
2
1 938965935
2
1 787627468
2
3
3
3
3
3
3
1 634493891
3
1 156915191
3
2
1 187118893
3
1 456876020
1 802579084
3
1 225996581
1 90802876
3
1 386744082
1 964908952
1 178673571
1 241447897
1 433792034
2
1 123871976
2
1 931061458
1 94101856
1 310193161
1 620545906
1 277384298
1 44909203
1 148725530
1 886169505
3
3
1 514759581
1 905544257
1 95405543
3
1 521161881
2
2
1 347945893
1 225706858
2
1 965373292
1 162157091
1 752243496
1 203603231
1 367333017
3
1 743733159
1 458234896
1 827002778
1 466339777
1 889328902
1 730783777
1 372318289
2
1 200904356
3
1 989863985
3
1 541902927
1 573521526
2
3
1 664600882
1 656556480
3
1 780502662
3
1 555834600
2
1 38417738
1 783915923
1 10946134
1 355560693
3
1 562412688
2
1 676342778
2
2
3
1 550252580
2
1 231532551
3
1 350690598
1 401600119
1 752406766
1 403795093
3
2
3
1 397567846
1 841756964
1 190630051
1 457449381
2
2
3
1 622283328
2
1 933732167
1 528393493
3
1 306636787
3
1 36217190
2
1 444141157
2
3
3
1 582045625
1 372142753
1 80070315
2
1 646934254
1 511469215
1 916330996
1 484399155
1 32314186
1 7075853
1 719390364
2
1 732627236
1 934689797
1 60264736
2
1 707616067
1 288829711
2
1 333130083
1 36854539
1 568595362
1 791849835
1 310014904
1 776624281
2
1 889853646
2
2
1 474543167
3
1 419250171
3
1 206986535
2
1 102781837
1 839084214
1 49257341
1 681941964
1 219598437
1 398804786
1 285096634
1 923932848
1 5667750
3
3
1 945284929
2
1 957278014
1 950439285
1 945306050
2
3
3
1 296232102
1 395076396
1 752057263
3
2
1 978037975
1 218395725
3
2
1 342241655
1 939077203
3
1 838415454
3
1 515081481
1 343111460
3
1 590216009
3
1 580943442
1 767075953
1 74576964
1 683451797
2
1 571076800
1 201838870
1 362941531
1 767915286
3
1 912507074
1 906443800
3
3
1 256265631
3
1 738055299
1 558513104
1 295558027
1 685158421
1 888262504
1 350618160
1 719075603
3
1 473611144
1 106621349
1 813396949
1 579409650
1 699133714
1 59635809
3
1 166275647
3
1 624008373
1 563802468
1 447437957
3
2
3
1 819866753
1 241728557
1 36889857
1 338539184
1 410992870
1 941932274
1 297542014
1 393368185
1 631270677
3
2
3
1 661258034
1 300969020
3
2
1 546693779
3
1 269558425
1 444420831
1 223578545
1 479538905
1 254798265
3
2
1 146537317
1 402764589
1 173724235
1 62904643
1 794657057
3
1 964650094
1 936103019
1 164987
3
1 129585153
1 627978417
1 741951908
3
1 752209604
2
1 18096719
1 607850223
1 504613065
1 790448302
2
1 16099977
1 730957167
3
3
3
1 44997321
1 239148552
1 781407855
2
1 284998121
1 378806822
1 279809454
1 972170004
2
1 3404690
1 782931032
2
1 751151633
1 173012253
1 909542814
3
1 460592210
1 394187158
1 192139981
1 17013316
1 613390551
1 152946864
2
3
1 395341536
1 831653552
2
2
1 644527264
1 805303856
1 472310497
1 900791719
1 104417081
1 957653521
1 159580303
2
1 239688045
1 223508529
3
2
