737374557
737374557
92972582
411953121
411953121
411953121
117402864
889326246
889326246
393381351
393381351
830782152
830782152
626247628
626247628
192639492
961303589
843789578
565074540
295645686
780125690
755733052
264118553
264118553
264118553
264118553
264118553
389884016
892819459
892819459
892819459
892819459
892819459
892819459
892819459
892819459
892819459
83826263
478281412
857415687
857415687
857415687
857415687
872554849
40153985
40153985
40153985
200450493
200450493
200450493
774576505
774576505
774576505
840373164
840373164
840373164
840373164
861178283
861178283
861178283
169257651
715959939
914381388
485712166
787395083
703034571
453129995
453129995
52542900
52542900
439535713
439535713
609788579
609788579
609788579
196226150
196226150
196226150
196226150
196226150
635944185
10893533
304506210
304506210
881029681
881029681
621446194
621446194
621446194
621446194
855781842
585082246
585082246
801536435
111236217
111236217
111236217
314307091
547269267
547269267
547269267
547269267
593814000
593814000
665170465
483099296
229413554
229413554
425213151
67906422
67906422
893588164
893588164
995094599
814452351
686201196
686201196
524941375
732769930
732769930
44515538
44515538
52327873
779602114
779602114
48602969
685197081
685197081
581641421
581641421
110633710
619921054
293096202
293096202
293096202
938335581
595717869
595717869
595717869
595717869
595717869
595717869
579509805
579509805
579509805
579509805
406085274
556114296
733719386
776376042
362300698
362300698
911412500
911412500
258998313
749090049
776681273
776681273
368860537
43309183
43309183
43309183
43309183
501955625
501955625
501955625
895807522
895807522
895807522
895807522
381138852
381138852
381138852
381138852
381138852
604623834
604623834
172964171
638740218
94437705
94437705
605309017
964063699
964063699
388149223
388149223
388149223
388149223
388149223
637938539
174676358
174676358
174676358
174676358
844089460
28785910
513541227
513541227
295978053
295978053
487603048
855924199
773300677
773300677
773300677
773300677
773300677
773300677
773300677
63835024
63835024
702925926
823076851
801911091
801911091
801911091
292821099
878157057
878157057
878157057
878157057
750827031
750827031
958962576
958962576
958962576
47083014
47083014
47083014
898933561
89343195
455133221
946999923
834614233
834614233
424930736
424930736
475201938
475201938
688990814
688990814
623685507
349969846
349969846
546231848
626232
807304437
807304437
807304437
807304437
352062475
352062475
352062475
352062475
982576156
554520155
135927449
680972177
680972177
680972177
680972177
680972177
341070272
543693885
17535632
17535632
999558959
728936744
127427545
127427545
404330474
404330474
109830470
475900590
582655511
582655511
523603242
331564331
331564331
386158742
339611420
339611420
339611420
459767734
459767734
459767734
212139171
836484766
836484766
226135981
854949669
854949669
966360403
966360403
966360403
87992272
87992272
87992272
291806325
606519814
153598193
579677879
579677879
579677879
579677879
579677879
103920821
103920821
103920821
103920821
103920821
470660972
470660972
470660972
424385821
424385821
227902053
227902053
161666987
161666987
91485589
91485589
669471999
299466654
628745440
628745440
628745440
996229742
763875255
384061920
384061920
830932787
830932787
830932787
830932787
912450650
754320643
765700760
765700760
308936782
308936782
859297416
413516065
413516065
413516065
699956569
699956569
141277646
141277646
141277646
141277646
278821166
278821166
968432082
962154567
962154567
286710480
136264207
489970394
29523423
414444931
414444931
414444931
859563321
782142942
765189238
765189238
4579786
963301489
354343074
354343074
603168609
603168609
603168609
603168609
603168609
603168609
618968203
878673493
878673493
991117324
774721965
516094142
516094142
383281680
383281680
40249533
40249533
40249533
823361159
220185420
220185420
220185420
220185420
814988183
633354541
998557204
998557204
998557204
166758395
943169383
943169383
943169383
529591739
529591739
408341708
408341708
152525898
152525898
152525898
152525898
152525898
571827366
590770977
923895911
658686009
658686009
658686009
925957529
623235522
976462874
755458854
549067073
862852731
50382503
639556972
915675921
915675921
915675921
86807199
86807199
86807199
959606365
959606365
959606365
642075570
642075570
642075570
932879657
668363964
442121072
442121072
442121072
442121072
442121072
442121072
442121072
170718814
750376859
750376859
906762294
467924243
293873347
293873347
293873347
293873347
570781163
859446751
939373432
590928304
421097814
189003976
189003976
32662559
369065325
369065325
864702735
535879110
387645337
387645337
321076214
849193545
841049594
841049594
288316219
134873729
134873729
134873729
283103746
553918361
173948847
503006994
863075750
863075750
863075750
863075750
646607372
646607372
646607372
613618675
613618675
613618675
914225927
914225927
914225927
567330378
324101171
324101171
324101171
350570642
50594986
50594986
50594986
546914892
604959438
784448866
781693672
750036352
167526869
167526869
836103608
2916637
351072874
261889263
916289733
916289733
78742530
78742530
106397418
41012249
562883820
368199758
368199758
9279596
9279596
719742084
173991400
173991400
173991400
607175829
607175829
765268539
765268539
88898555
135338038
135338038
135338038
435694751
513981767
738134881
915983401
769533118
769533118
769533118
600712038
115593541
792937366
792937366
53977099
599930376
599930376
990027531
533184516
298815318
298815318
298815318
498493685
425488243
834641676
895586928
392315843
878222752
878222752
63214328
781131665
781131665
781131665
781131665
781131665
781131665
201887656
201887656
385335325
385335325
385335325
385335325
385335325
130665601
264516397
264516397
264516397
468114853
886722945
886722945
886722945
873505014
501922732
501922732
55072894
55072894
55072894
55072894
548680931
730266116
730266116
724289887
952956066
661166247
744912473
744912473
908866110
908866110
916339612
480534899
845733144
31639963
31639963
31639963
298107039
848888118
901619946
224587097
224587097
603027353
182209285
182674990
182674990
182674990
182674990
182674990
316579838
316579838
401751439
401751439
401751439
536019676
730876804
32757773
32757773
928202177
43075800
43075800
43075800
43075800
43075800
788934255
664416776
664416776
664416776
423882272
733896838
733896838
530341746
530341746
323970289
667055100
667055100
193543026
771736089
267721906
69081877
104129883
104129883
241207810
241207810
460054592
799752188
929482536
929482536
925068210
925068210
532248262
532248262
702582014
313893259
83434468
76308665
76308665
766449825
883664507
476215276
513381868
513381868
1082094
1082094
1082094
1082094
824439361
824439361
824439361
824439361
489744659
993022298
993022298
993022298
874799584
745466461
2378911
237327782
237327782
237327782
447936784
447936784
181658546
181658546
181658546
325110667
920379440
503561989
989656139
989656139
491226600
491226600
539410501
412042386
412042386
412042386
412042386
160030627
151142768
151142768
892621519
892621519
892621519
481089461
106161489
106161489
879998778
879998778
879998778
879998778
645271979
162066333
162066333
855817602
855817602
549529919
549529919
549529919
549529919
799379474
799379474
302434161
302434161
302434161
302434161
302434161
302434161
198479252
198479252
198479252
1210463
580768926
580768926
604912732
952008869
952008869
113555801
113555801
107772793
107772793
107772793
650521621
362659794
362659794
285310996
285310996
285310996
769316525
591007755
591007755
591007755
591007755
591007755
611685731
611685731
611685731
611685731
611685731
969445176
265657473
265657473
315544679
789386168
600680003
228225892
228225892
415805945
640147858
350262162
156619371
156619371
804408801
996948233
464748023
107378847
107378847
107378847
638113142
854638248
666701856
666701856
539092162
310348421
827339886
562432507
627133564
627133564
810664372
583257058
690378066
690378066
422683334
422683334
342249195
733176213
29340436
301766252
301766252
301766252
301766252
301766252
301766252
301766252
721214006
721214006
721214006
471734781
471734781
538753355
376106217
495782015
495782015
78998113
78998113
78998113
495975098
495975098
495975098
510511882
462434168
517121214
270399095
270399095
270399095
283920342
283920342
283920342
283920342
885493645
885493645
412342991
803548076
803548076
803548076
803548076
803548076
803548076
818794729
818794729
818794729
818794729
396037633
601275135
248710789
804897238
804897238
804897238
804897238
804897238
364170043
37327723
369184696
617052525
632281104
632281104
721082450
54584257
54584257
277830119
277830119
439305080
439305080
439305080
439305080
439305080
941684190
113132454
113132454
113132454
113132454
113132454
719457409
719457409
53140686
53140686
53140686
173071262
462576378
17306193
146472099
146472099
547725242
838758434
838758434
838758434
297585661
350702641
350702641
350702641
421600963
421600963
421600963
950076657
950076657
824186054
341839547
60316098
343132167
572958510
572958510
572958510
572958510
676573563
303590649
155707515
875353524
594037647
907875452
907875452
451882550
451882550
92892526
92892526
968144866
628739045
653371132
653371132
440967591
440967591
902549387
913311442
36717976
36717976
145159193
660699358
256279892
894483859
422337294
422337294
422337294
172250546
172250546
5295883
427783756
427783756
48733170
22685195
22685195
22685195
22685195
528380015
528380015
528380015
528380015
924024569
924024569
924024569
367555284
367555284
367555284
367555284
710659833
710659833
710659833
710659833
575647593
30360106
30360106
30360106
30360106
627660511
627660511
627660511
627660511
627660511
72252417
52988301
52988301
859462906
738284032
474659743
474659743
474659743
474659743
224437068
720738844
720738844
720738844
307906119
711025074
269890384
419550426
419550426
706120813
773721533
773721533
292459920
292459920
292459920
976951657
301073647
301073647
208759129
208759129
208759129
208759129
208759129
524855494
524855494
149731891
149731891
149731891
149731891
480608558
769096441
154437638
639098416
819839829
819839829
819839829
371806693
361274747
361274747
361274747
361274747
911497832
398695316
398695316
398695316
696962307
696962307
681587994
681587994
920862657
31255832
228259169
467181833
467181833
976347585
976347585
976347585
976347585
361485261
514165909
514165909
514165909
363548119
30608559
30608559
23315374
23315374
23315374
23315374
23315374
23315374
435356279
920315617
920315617
192879738
526437511
526437511
909599876
909599876
556224830
556224830
673347953
611507556
591590380
591590380
333231390
333231390
910912026
910912026
910912026
910912026
910912026
536661103
536661103
21067569
898500057
971216697
425003663
345792955
632777890
632777890
632777890
632777890
895657592
523248238
523248238
523248238
523248238
197635916
289778718
699800823
699800823
992961822
180621262
180621262
503796826
818097859
261915812
952361261
952361261
900690040
900690040
900690040
900690040
900690040
900690040
442345727
442345727
442345727
442345727
177264936
177264936
132514094
132514094
476745649
476745649
476745649
476745649
705575860
6359715
6359715
118563432
118563432
257660050
257660050
257660050
257660050
168100245
168100245
482311126
482311126
743824170
743824170
743824170
743824170
743824170
743824170
743824170
743824170
743824170
743824170
743824170
712814745
712814745
712814745
712814745
663555603
663555603
663555603
326849212
268496867
144302601
144302601
144302601
282913494
632610069
632610069
632610069
498502059
625932522
479941711
479941711
419803758
419803758
419803758
419803758
419803758
419803758
222860187
222860187
222860187
37257902
37257902
37257902
389311708
912820106
912820106
912820106
912820106
225240465
225240465
225240465
225240465
969750009
857211658
857211658
124743123
124743123
287958781
575239103
575239103
575239103
247704364
277205542
277205542
277205542
427626129
427626129
427626129
505837246
505837246
505837246
848837458
848837458
848837458
848837458
786314886
786314886
200323363
537835441
11427779
764681433
472945733
614176441
614176441
480006356
418153235
418153235
313239253
319114051
604445633
604445633
604445633
556027620
556027620
556027620
771286249
771286249
226684264
647796812
647796812
647796812
647796812
878448459
878448459
878448459
878448459
878448459
345099348
329157772
329157772
606383936
606383936
606383936
862263761
438619063
268881939
268881939
433129997
394858487
744444109
744444109
200480817
200480817
861309032
173723365
173723365
958758059
677315193
297586506
297586506
297586506
297586506
327389922
327389922
56783215
13210294
13210294
729942395
729942395
517054920
517054920
517054920
467352634
467352634
467352634
467352634
113589067
113589067
787599972
462592804
462592804
713217781
700279104
473574951
922690973
167367256
167367256
167367256
709142143
709142143
709142143
709142143
645328740
799299056
799299056
606193455
606193455
606193455
811451016
713006052
434550188
685717656
685717656
417153533
417153533
938031967
938031967
938031967
938031967
938031967
938031967
938031967
938031967
938031967
938031967
938031967
938031967
845211414
845211414
580089605
316077491
286585716
286585716
86066693
73358673
679277229
679277229
679277229
796882077
796882077
796882077
755146560
766609053
766609053
882473704
104230055
353480710
353480710
353480710
353480710
593353437
546964352
546964352
304011001
916707353
836338959
411791374
411791374
248467368
248467368
248467368
212293534
212293534
338285261
310329216
840550755
840550755
840550755
844387887
844387887
844387887
844387887
844387887
844387887
844387887
239991836
54543607
504651398
216689885
216689885
29104578
29104578
29104578
490239137
721077252
721077252
59622407
59622407
754045649
993455432
757058640
282781929
45654233
913285324
913285324
999195284
331535766
331535766
331535766
331535766
331535766
331535766
331535766
331535766
331535766
331535766
331535766
331535766
331535766
331535766
331535766
38118421
38118421
65647066
65647066
65647066
9052704
484916190
484916190
484916190
435004131
72462039
708480853
944757274
944757274
944757274
506875031
506875031
843324256
182487117
182487117
558238457
558238457
558238457
561943713
185860271
185860271
776991754
776991754
776991754
776991754
776991754
113037431
698185076
942047244
942047244
942047244
942047244
942047244
449516545
704567562
745111513
431610812
431610812
34221815
307612571
307612571
279322783
279322783
279322783
279322783
279322783
135885859
321134061
584389331
584389331
90120966
866674663
866674663
650404794
624400408
624400408
624400408
915352458
591816628
44382378
489595052
910713891
910713891
910713891
16562848
16562848
368109359
80647366
940166420
940166420
940166420
497847433
595986681
747077060
747077060
747077060
747077060
747077060
747077060
265392316
265392316
240048150
136444840
136444840
136444840
949908994
632051695
350143935
350143935
350143935
350143935
350143935
807735156
866684977
185255669
185255669
185255669
185255669
185255669
185255669
491708937
37422660
37422660
995257600
995257600
995257600
995257600
995257600
995257600
995257600
995257600
941740902
941740902
941740902
424523117
424523117
565415641
565415641
136923124
619855568
140975789
533581613
248940915
179857383
179857383
179857383
179857383
179857383
179857383
179857383
179857383
529931979
529931979
948911250
948911250
948911250
948911250
948911250
948911250
948911250
106092949
106092949
891404274
314870974
314870974
314870974
314870974
22501837
22501837
932152738
932152738
932152738
761033852
761033852
851037458
273849832
391237464
391237464
389644793
16565086
16565086
32913340
545524978
718205091
255312541
255312541
255312541
255312541
376221532
376221532
571290712
975664427
975664427
57898830
57898830
57898830
57898830
57898830
57898830
57898830
57898830
691115919
691115919
691115919
948681386
948681386
948681386
838446467
833519703
833519703
986968834
986968834
986968834
789279331
27354021
177420478
177420478
206619972
187206981
549667262
549667262
190609797
190609797
146725221
146725221
841906588
841906588
362691120
362691120
362691120
831323853
352438895
352438895
352438895
352438895
331269818
331269818
331269818
331269818
331269818
331269818
331269818
331269818
797023158
797023158
193252884
193252884
800030095
800030095
772754798
772754798
772754798
699664667
699664667
699664667
378440163
245406009
470478819
